1.050312277244206616e+00
9.071293504819202269e-01
8.650952747237955487e-01
8.534065856356107815e-01
8.442965781937070702e-01
8.386023621308270615e-01
8.358216850362081285e-01
8.329359994965405134e-01
8.291765928200395264e-01
8.289162152492801638e-01
8.265301721351558939e-01
8.239010069363961186e-01
8.212617365981152995e-01
8.202760463562775994e-01
8.176138544872934011e-01
8.162541537848482243e-01
8.152694110413963857e-01
8.130037460577526076e-01
8.122014600077008817e-01
8.102927455151887060e-01
8.095771879233653046e-01
8.090856617071362500e-01
8.095262957742496157e-01
8.059687016437293572e-01
8.056999403087686806e-01
8.043185375566187512e-01
8.033296904404997330e-01
8.023537675696933436e-01
8.004023839135167018e-01
8.003564965819225385e-01
7.992448859557866880e-01
7.976818981744323578e-01
7.983670768635966475e-01
7.968102939243054683e-01
7.951109544377465976e-01
7.957550798706007900e-01
7.951124309123887013e-01
7.942609718132680463e-01
7.937304759775221097e-01
7.915811818537209499e-01
7.916954258770656505e-01
7.901529246331123746e-01
7.894543040050827631e-01
7.879989165110129479e-01
7.885822565878635171e-01
7.868463884553027476e-01
7.860758264944343043e-01
7.860612657719731056e-01
7.854331443110496025e-01
7.851383578394448559e-01
7.840653716853825950e-01
7.832950680466522764e-01
7.832022020617515068e-01
7.826839301369544755e-01
7.811259765661157095e-01
7.831269986239128844e-01
7.802627894056514135e-01
7.789375647652539980e-01
7.793060782433517408e-01
7.770947774216842019e-01
7.782064133174890763e-01
7.775401574403243421e-01
7.790629753951563430e-01
7.762871238698345611e-01
7.758164646900088668e-01
7.751459697868638976e-01
7.756313360055581141e-01
7.751039466231578468e-01
7.745167512802595411e-01
7.733472067163240649e-01
7.732863249691482865e-01
7.709893291028343532e-01
7.720838884731274776e-01
7.723782791960985827e-01
7.713830906013602329e-01
7.709563584524846691e-01
7.707096088570811743e-01
7.689998366681054520e-01
7.691839989446628278e-01
7.674369396144811173e-01
7.686827430960100349e-01
7.687525518025540849e-01
7.674314500453854881e-01
7.670003269675536028e-01
7.675190802504544552e-01
7.659958311733398029e-01
7.662937783827721283e-01
7.645679936602116644e-01
7.661414708910613269e-01
7.649302651041460788e-01
7.632633816820096895e-01
7.629746007800731755e-01
7.639508023634409284e-01
7.622573276729732727e-01
7.626107219665811954e-01
7.625401667703225472e-01
7.623567571214153737e-01
7.612453991142137388e-01
7.605076390504439399e-01
7.614158497198254549e-01
7.590489995527033296e-01
7.613456164645499014e-01
7.605049662787317644e-01
7.585679569709901093e-01
7.593108898275214846e-01
7.586164954172309738e-01
7.593343730272840153e-01
7.577523149918146128e-01
7.579602587484863818e-01
7.573135465068304706e-01
7.577996116518699310e-01
7.585150602788761631e-01
7.570050436529184301e-01
7.570859788633376164e-01
7.562406650073787429e-01
7.563854035424389943e-01
7.548571388068997523e-01
7.561389543312417860e-01
7.556794599112472977e-01
7.554525366449791335e-01
7.548602741703515084e-01
7.548654494270350401e-01
7.533454908556301843e-01
7.548984161864468190e-01
7.536317113087979136e-01
7.542899870092630854e-01
7.521363695122358362e-01
7.530031622339306008e-01
7.532257792767884652e-01
7.524392679708664655e-01
7.547218635360526395e-01
7.528107420148909545e-01
7.510567193721827683e-01
7.516927562886681624e-01
7.522966264719698204e-01
7.512063312466721321e-01
7.505385319165684965e-01
7.513336288842658028e-01
7.511834105134189699e-01
7.509363925223818681e-01
7.499178390438497877e-01
7.489975338991674558e-01
7.501529081470224014e-01
7.480256870621703191e-01
7.485982754225498637e-01
7.489122724508869844e-01
7.484384177953359307e-01
7.491237239996412223e-01
7.498821093027859819e-01
7.485552709229498225e-01
7.469607914479237110e-01
7.478393842859896168e-01
7.476864517688041056e-01
7.474088118914031798e-01
7.474373248995800356e-01
7.467049532736551587e-01
7.454237121674123223e-01
7.481395015382515945e-01
7.453094645469271473e-01
7.452727618522522191e-01
7.472028427073021950e-01
7.450194012895811069e-01
7.464376186171071126e-01
7.457928316236354105e-01
7.458331537463362970e-01
7.444798378507792025e-01
7.431470392870088704e-01
7.455449884714503428e-01
7.441232047620132128e-01
7.448774917734344303e-01
7.449063729499587616e-01
7.444059851113689064e-01
7.422629655351629108e-01
7.429544245590684604e-01
7.435484046020199855e-01
7.433854944131816911e-01
7.425102140374320037e-01
7.434332260577404261e-01
7.414793518999920341e-01
7.422137341931550614e-01
7.422451444479544191e-01
7.423225545702394346e-01
7.429359068521557141e-01
7.407595980299310767e-01
7.410363227138481168e-01
7.409130978623874597e-01
7.423303157335677804e-01
7.402913313090545566e-01
7.421106285939075287e-01
7.404998150260292400e-01
7.411169507323555061e-01
7.405292052116316803e-01
7.403607842424089203e-01
7.414570590586159193e-01
7.400723908716149158e-01
7.391286907498908487e-01
7.402979891694799752e-01
7.395046165676506522e-01
7.384416237298424557e-01
7.399654635699114413e-01
7.399861543923770268e-01
7.393305332093067506e-01
7.392286420885494369e-01
7.396563215127014423e-01
7.401373291289894407e-01
7.381755861994234724e-01
7.384273738719814295e-01
7.382315960315352088e-01
7.371057587646018261e-01
7.379017813721583385e-01
7.371530535686527941e-01
7.375104828713494598e-01
7.389426698287990813e-01
7.366101941316759438e-01
7.377546374550395525e-01
7.373762703496442583e-01
7.370893659816321053e-01
7.370489890654950971e-01
7.361707551594932619e-01
7.362737896597697507e-01
7.367300769131112093e-01
7.368261699642477680e-01
7.371416570605481278e-01
7.361170826800995659e-01
7.361863633231473525e-01
7.363258960253878938e-01
7.347050356029749540e-01
7.348895088108444718e-01
7.354645088131552821e-01
7.343479647631501184e-01
7.353091706311587483e-01
7.349454975054481309e-01
7.344630016785267390e-01
7.363654087101825230e-01
7.349929431287381965e-01
7.341506363170131610e-01
7.348155118261880947e-01
7.343412210069677482e-01
7.352042528184112857e-01
7.337127043872144760e-01
7.336332457013609032e-01
7.347933932349459685e-01
7.349313651117642676e-01
7.328004111749754079e-01
7.341779795719419743e-01
7.328565838428608981e-01
7.327629462063759425e-01
7.330717678596270215e-01
7.323852671471023923e-01
7.338612197753424660e-01
7.335859185654581838e-01
7.320402180246460278e-01
7.320439210015841081e-01
7.322311607462750338e-01
7.335973574281031695e-01
7.328933721978129201e-01
7.321570825171386243e-01
7.310088244753030207e-01
7.305928828201792014e-01
7.331427411737675426e-01
7.310220372703092329e-01
7.326689401426482728e-01
7.309550949532662711e-01
7.321901879157886039e-01
7.306720329860684204e-01
7.298748541019495217e-01
7.302967435948896080e-01
7.313599361667743048e-01
7.313926796383940498e-01
7.309520304396099899e-01
7.303215272157300708e-01
7.313123854947877200e-01
7.305998484791087488e-01
7.306343232625854833e-01
7.286551990185493599e-01
7.314986677537483883e-01
7.293347172360071795e-01
7.302160910051999076e-01
7.295963261253702870e-01
7.291897900299992852e-01
7.289924575970536669e-01
7.300778114730209767e-01
7.306058361810352508e-01
7.307090283970583133e-01
7.300626361944339004e-01
7.286992923785905463e-01
7.286981990714263002e-01
7.280026326953503713e-01
7.289416156157219051e-01
7.294560333334672020e-01
7.291889757450985554e-01
7.290815329946312984e-01
7.283035714192834797e-01
7.270845922682743767e-01
7.278842210069841334e-01
7.294488141463779662e-01
7.268341375607104693e-01
7.288158833739778464e-01
7.274973608248732626e-01
7.278000238793304044e-01
7.288498232531177567e-01
7.270159076703489598e-01
7.267337095412910175e-01
7.277463277530011876e-01
7.269733232232756803e-01
7.264116578084687248e-01
7.267668422834222541e-01
7.271720362177196417e-01
7.259950804990312756e-01
7.270424025775505950e-01
7.269745647002007205e-01
7.260706093481968937e-01
7.256889933785658497e-01
7.264884097353314640e-01
7.260456199574000236e-01
7.255614572684935260e-01
7.257610266717585690e-01
7.257129072601358200e-01
7.266366013719774974e-01
7.266803315794334583e-01
7.239411261479439252e-01
7.246616594629519126e-01
7.248665637701992015e-01
7.252525204912829704e-01
7.260567672926153682e-01
7.249470039863390447e-01
7.248792886861247231e-01
7.250175156780505059e-01
7.236632212246415508e-01
7.240658765324693436e-01
7.244785643729816371e-01
7.237684465420957114e-01
7.228746163352277598e-01
7.235260969732065783e-01
7.241014068496005596e-01
7.229034532459824858e-01
7.247862228681841712e-01
7.230704808057034638e-01
7.218755924977285909e-01
7.234629475342228000e-01
7.229707896429782288e-01
7.221514638256668617e-01
7.231536715659246939e-01
7.239358547651688625e-01
7.228493530603083972e-01
7.231535060705113205e-01
7.235581314949089959e-01
7.231790529058699235e-01
7.236756435650297803e-01
7.231433515840718362e-01
7.224078108663118947e-01
7.222767748304167457e-01
7.220774021918864305e-01
7.218424373417274831e-01
7.215531364744997012e-01
7.220701258349154772e-01
7.227653058086495053e-01
7.207816524558914306e-01
7.213685931237155957e-01
7.221986904117284611e-01
7.224481299949300217e-01
7.204343675480248121e-01
7.220602775759371594e-01
7.205079037704379408e-01
7.213103290309760274e-01
7.203680359478604744e-01
7.201841274844241747e-01
7.208970031782602206e-01
7.194826729653039932e-01
7.220884424306592830e-01
7.196477478949229178e-01
7.194282543195937851e-01
7.207784030990480595e-01
7.198638131148017427e-01
7.194955070921296159e-01
7.189273373664640809e-01
7.203520304349290138e-01
7.191374785355127974e-01
7.201326789219092417e-01
7.192492629979074792e-01
7.198404835746143871e-01
7.180119102288342603e-01
7.182723011578766581e-01
7.192456059505600852e-01
7.201371463954708840e-01
7.185641134693501186e-01
7.184854093016116439e-01
7.187470808533216182e-01
7.199713382182268973e-01
7.185764867658952504e-01
7.181157929973138732e-01
7.180597029854615121e-01
7.187690110276514499e-01
7.181191692693329465e-01
7.177871005640433788e-01
7.177755081080933186e-01
7.189232658871772541e-01
7.180186248858199116e-01
7.184619601138686473e-01
7.175040589126043811e-01
7.177188437346920802e-01
7.183542470066148766e-01
7.164195443513091677e-01
7.172469326965108527e-01
7.178487315670472046e-01
7.157669546983875808e-01
7.165589792963302784e-01
7.174626378793822479e-01
7.172866915322786419e-01
7.156620453311003383e-01
7.166222739591484592e-01
7.159392376530034907e-01
7.163768209477847648e-01
7.165285077171587025e-01
7.159421013135023326e-01
7.162464166094371087e-01
7.148626457517126553e-01
7.146453768774584381e-01
7.170657687289055948e-01
7.163116263091021674e-01
7.154603832836115007e-01
7.161149169846584561e-01
7.145476130764915057e-01
7.156822783659662068e-01
7.152234264676338160e-01
7.145985280468173384e-01
7.150174291262550996e-01
7.162879210453353407e-01
7.155339840632541915e-01
7.142373456312083313e-01
7.125119484442082873e-01
7.147292224436075925e-01
7.135998538008337944e-01
7.150837677267499748e-01
7.142757267091444096e-01
7.145548372837610129e-01
7.131716125441563969e-01
7.137519801803635655e-01
7.131853824872761427e-01
7.136173577542914703e-01
7.132060222181528797e-01
7.141900171694620658e-01
7.133514821283305496e-01
7.134125422343859935e-01
7.129947510998814186e-01
7.131525661574353858e-01
7.125134699652817538e-01
7.134336662299726184e-01
7.119873310751897444e-01
7.125081797785892679e-01
7.128133854405812597e-01
7.120488360218782953e-01
7.114344719830038022e-01
7.122857837822690330e-01
7.115329508201331254e-01
7.121466611041232797e-01
7.122347394703986145e-01
7.108016342480673044e-01
7.120991532624960652e-01
7.118368829017591715e-01
7.111653131604822597e-01
7.105818880211108857e-01
7.107677507758194402e-01
7.116548415941458261e-01
7.125341576085502115e-01
7.097286842982390986e-01
7.104033312571486070e-01
7.098652548091686221e-01
7.111046776910765477e-01
7.102219049545305252e-01
7.105408703447705365e-01
7.116276308414030138e-01
7.112844865444561959e-01
7.101727514516037454e-01
7.099123230362219816e-01
7.093709600304624052e-01
7.099264908300627619e-01
7.090062642163212914e-01
7.095828302400712939e-01
7.085617280089997472e-01
7.074847840014641953e-01
7.080072440550448931e-01
7.093693230090154511e-01
7.093420594686111746e-01
7.106117850606881170e-01
7.106784236384909859e-01
7.088392864758035206e-01
7.084234479223611158e-01
7.080866832027086222e-01
7.082506613614466540e-01
7.084309434680979845e-01
7.077722071162815265e-01
7.088159855050940594e-01
7.077823510326415324e-01
7.084886551960990486e-01
7.090803356019664827e-01
7.081577508567409307e-01
7.082389121656875730e-01
7.080471073603088472e-01
7.072300928082734250e-01
7.071545579643154777e-01
7.093478974920277569e-01
7.086483689288565202e-01
7.076185688319103217e-01
7.072553604958972118e-01
7.074465483201066718e-01
7.064908806992258317e-01
7.083544485468075136e-01
7.064313757445476183e-01
7.077164380032046065e-01
7.071202851208255868e-01
7.067786048176539770e-01
7.062255594230135713e-01
7.072897004184144354e-01
7.069394947923848260e-01
7.063502158520136298e-01
7.069740668369389747e-01
7.062788098701719974e-01
7.052390621669876181e-01
7.056778582119352938e-01
7.050383813926571763e-01
7.050539917083219477e-01
7.062254653968002005e-01
7.042298648434140995e-01
7.062707593627925995e-01
7.041857659493785393e-01
7.059347570655098991e-01
7.056702194079347290e-01
7.058211422205654673e-01
7.045244361479636730e-01
7.052251379638856399e-01
7.050859890343897929e-01
7.046892161363598195e-01
7.058417997144772471e-01
7.046288640979457840e-01
7.038745986141425881e-01
7.037697281151470419e-01
7.039411011208941416e-01
7.032304805584748131e-01
7.030167856991207387e-01
7.044830999682908379e-01
7.037648846816425552e-01
7.041946967585973605e-01
7.030449071292615981e-01
7.042997148295975229e-01
7.036251624721259201e-01
7.031516601839237213e-01
7.041270053284278685e-01
7.039374165679247453e-01
7.033439703433641554e-01
7.034591048524940771e-01
7.027673877613693776e-01
7.022271801101342970e-01
7.028287242627420106e-01
7.024444964412840386e-01
7.025557497515543259e-01
7.016669170477569661e-01
7.027937847465599575e-01
7.018139036237761585e-01
7.028966125521914909e-01
7.012045321322950553e-01
7.018031117467466995e-01
7.022524138087122836e-01
7.017369787151888083e-01
7.021252065723581071e-01
6.997078199674580112e-01
7.016850062593334991e-01
7.011206682601378581e-01
7.008158884457710291e-01
7.022199103788471231e-01
7.004076008221891136e-01
7.010401017469014562e-01
7.002999985004128014e-01
7.002520877202889071e-01
7.009816780828528326e-01
7.002274153828351722e-01
6.998206472635069009e-01
7.004096435632676254e-01
7.012782894856296467e-01
7.012241195838204710e-01
7.018221748808031180e-01
6.997160249839950996e-01
6.984488121951426542e-01
7.005013123750076787e-01
6.982979545162912860e-01
7.006988776677972597e-01
7.008605072472220421e-01
6.988157754245245545e-01
6.994917799063563590e-01
6.991127087095250214e-01
7.003530595485363275e-01
6.997191836647991270e-01
6.985855777769431896e-01
7.001940457441279131e-01
6.990075643750051082e-01
6.990613347582960158e-01
6.982971190218689728e-01
6.975520489880548958e-01
6.988325751694690613e-01
6.984789882530072491e-01
6.974820294586808744e-01
6.975452297833745208e-01
6.973436733072324589e-01
6.975376526339736039e-01
6.974362344969896599e-01
6.968404241192028836e-01
6.974298987140636896e-01
6.978320750517199578e-01
6.981172384359761729e-01
6.975172336907393689e-01
6.950437483802345273e-01
6.971436317918666692e-01
6.967610782374136225e-01
6.977894342450272624e-01
6.964588043677587548e-01
6.959259701026265788e-01
6.945862214529562317e-01
6.967121999696357371e-01
6.965394431971269062e-01
6.970081054126017195e-01
6.953509494708783878e-01
6.942512748594210636e-01
6.949643423371318907e-01
6.939354502036026995e-01
6.951939516551965959e-01
6.948377803973895261e-01
6.952315724155010424e-01
6.957074685865756170e-01
6.952094748358538245e-01
6.952368732738870571e-01
6.944234791059341605e-01
6.938921715512654798e-01
6.954083695693940026e-01
6.939828980155730020e-01
6.935453023088454794e-01
6.945897744580287192e-01
6.943788951117437769e-01
6.933052962063112057e-01
6.941588925295455459e-01
6.944292023765038513e-01
6.941059472853124968e-01
6.920391607261395794e-01
6.929955641341153383e-01
6.924666445461671316e-01
6.925473746488890470e-01
6.925253294712114815e-01
6.919032548635719593e-01
6.919719428562931540e-01
6.922629329830294331e-01
6.913900803921632088e-01
6.928839127606180037e-01
6.916386416302602314e-01
6.927882377712546447e-01
6.909277367192293573e-01
6.925210127978914665e-01
6.908695379612883603e-01
6.900820446430757649e-01
6.928957317533617211e-01
6.920348780732332727e-01
6.903886368436864540e-01
6.910877398185695242e-01
6.903465758494784499e-01
6.894911742856830728e-01
6.915469065038077900e-01
6.890991612289490975e-01
6.919447737229345030e-01
6.894486248398207229e-01
6.903771240222952299e-01
6.895309425304784190e-01
6.889904640227803023e-01
6.908085915521763321e-01
6.899345961804307370e-01
6.906787355948511564e-01
6.910946766036206723e-01
6.893207754807503251e-01
6.890999913038032831e-01
6.905255541915048534e-01
6.898640966956699483e-01
6.893455224025401007e-01
6.883202001800253766e-01
6.884599901997494609e-01
6.878631545949459580e-01
6.889541677188321112e-01
6.888094701678466603e-01
6.876131172250439239e-01
6.889196775412551599e-01
6.895136022429376732e-01
6.884933507112979134e-01
6.889724126439148444e-01
6.878141075748005484e-01
6.878049897991008743e-01
6.897303470091364908e-01
6.866210656907135723e-01
6.877475306379013942e-01
6.864664267363702610e-01
6.872983936551729789e-01
6.870696083765245321e-01
6.864183891002719751e-01
6.868207387770695060e-01
6.885687939381811562e-01
6.864661538065370827e-01
6.868743157948397071e-01
6.866599868473551860e-01
6.867258936460781671e-01
6.863681663205993821e-01
6.861485468126591325e-01
6.858852670634572046e-01
6.874615911495943754e-01
6.870287671933400508e-01
6.846280159318693936e-01
6.850660728806354793e-01
6.851577351687478945e-01
6.851529190376370870e-01
6.864682203284165896e-01
6.849622547630471736e-01
6.843258778558150013e-01
6.838240238944129912e-01
6.846605617242271791e-01
6.851490807190603327e-01
6.843253066230980952e-01
6.834057237751293146e-01
6.843728054418315443e-01
6.845861456130581946e-01
6.840248568076410240e-01
6.843222914996567319e-01
6.830814726709860674e-01
6.826828639262164655e-01
6.832977310544827709e-01
6.821426263482921470e-01
6.850471629643536398e-01
6.836203414282630009e-01
6.836671299107088817e-01
6.826301405608733441e-01
6.826881492946316188e-01
6.817574726722599454e-01
6.831706309030841640e-01
6.829614753677656358e-01
6.824550727965631447e-01
6.822667677663529773e-01
6.809891110944358283e-01
6.812129749034556703e-01
6.824518530390346616e-01
6.817855814456971197e-01
6.818181844030768435e-01
6.816382079013894035e-01
6.820107431491373440e-01
6.817407463908033982e-01
6.811543568391891235e-01
6.813029517903042009e-01
6.817693523167158709e-01
6.803419228369290694e-01
6.811983783036927864e-01
6.815893393784073773e-01
6.796463053171316604e-01
6.805239921003591874e-01
6.805553835388707951e-01
6.806038385439988625e-01
6.793956954726113606e-01
6.805213280095869788e-01
6.810527179976212375e-01
6.793753550271829367e-01
6.806176294068191357e-01
6.794798744382840594e-01
6.795337261681111407e-01
6.793809068079886826e-01
6.785765881972698477e-01
6.788059611458266973e-01
6.781773581019230335e-01
6.794123464981950411e-01
6.786893084476834925e-01
6.789275374245218320e-01
6.806398610654387227e-01
6.766860037700777042e-01
6.784234404551533482e-01
6.781448952054959234e-01
6.784952306312174164e-01
6.787173222945176443e-01
6.770419566498229180e-01
6.775160994715846430e-01
6.792717315121570287e-01
6.783606659970823349e-01
6.770564881785421374e-01
6.773421274452254837e-01
6.771243389803267565e-01
6.780244809741626799e-01
6.782128015623810624e-01
6.761146748789529370e-01
6.754312341511865547e-01
6.772612198199523537e-01
6.768997706932954328e-01
6.760706803178970770e-01
6.770470650580989735e-01
6.768394290067113461e-01
6.766562588159401592e-01
6.761462422941554307e-01
6.761535565023929495e-01
6.767721529786753232e-01
6.747121024746585150e-01
6.757844122934075770e-01
6.745706746700560474e-01
6.747336216820910559e-01
6.753427407203133059e-01
6.750526026550801584e-01
6.761337772091170484e-01
6.759441553674683245e-01
6.741768362991087393e-01
6.749594131210421288e-01
6.748281097622053082e-01
6.744827278746510224e-01
6.732569259695354580e-01
6.738192766139853296e-01
6.743308061380443030e-01
6.755156284632855002e-01
6.738855879368274016e-01
6.733280834650458013e-01
6.739566644454273447e-01
6.724724681497245005e-01
6.746505853342732451e-01
6.724698922207045237e-01
6.743888489677639653e-01
6.716748503420080230e-01
6.726226747845800435e-01
6.714736209525006272e-01
6.723556221404020095e-01
6.727560442318900602e-01
6.720569264173664736e-01
6.727791337722939247e-01
6.715673912387332134e-01
6.728771805620100688e-01
6.716077519938041807e-01
6.711292734491641765e-01
6.723426417541612521e-01
6.710556440350989860e-01
6.716779504250307564e-01
6.705767361044527863e-01
6.712568490190992110e-01
6.702076750520604698e-01
6.704102128954643192e-01
6.714108200380841662e-01
6.706865933442562877e-01
6.707538830301160715e-01
6.702310452613187142e-01
6.712026679247135030e-01
6.694895715246181878e-01
6.707474006007576595e-01
6.680825554054731219e-01
6.709510138031763438e-01
6.685667882085771785e-01
6.700920804928698349e-01
6.715870929602173467e-01
6.683934518038383565e-01
6.687527101115504635e-01
6.703848828468018661e-01
6.681005203151245686e-01
6.687414907398632202e-01
6.685012829138242685e-01
6.684996646494637540e-01
6.682048775120654760e-01
6.674271225668597651e-01
6.683143068428021305e-01
6.677328098621972963e-01
6.688421759353899709e-01
6.675753594893930609e-01
6.678743439043818286e-01
6.674850988468292723e-01
6.669585269404554317e-01
6.668727112762919962e-01
6.673299079209500384e-01
6.663655588272060504e-01
6.656430261806797199e-01
6.657036161163480958e-01
6.663798339542943427e-01
6.671177146000282221e-01
6.634461000913718376e-01
6.669490610201370684e-01
6.656708009396068437e-01
6.659204623897697628e-01
6.648019794456851983e-01
6.640568110648478184e-01
6.651120651403854556e-01
6.637628472100612909e-01
6.642293736196024367e-01
6.633797919945577659e-01
6.634790607035699894e-01
6.632327064552034912e-01
6.619208376652893078e-01
6.628610449154210826e-01
6.625498636581644840e-01
6.632817286245067390e-01
6.625046871205633181e-01
6.623131573616843903e-01
6.617417040895521296e-01
6.618518656279153145e-01
6.617735164071993914e-01
6.619433322403315278e-01
6.625625452361015855e-01
6.617017417233151955e-01
6.625281870906348791e-01
6.616478470380992016e-01
6.611392251253048746e-01
6.607100165148389603e-01
6.620621933812873561e-01
6.611712199640352727e-01
6.606847216357134567e-01
6.605399954812314345e-01
6.602282400744904356e-01
6.611045586975624611e-01
6.608592437113340878e-01
6.598283884673090682e-01
6.593552236458467553e-01
6.614384424831960541e-01
6.583888341671468858e-01
6.603075905947440871e-01
6.589541550781392587e-01
6.600583749448052373e-01
6.595131007914066812e-01
6.592891011304686799e-01
6.591602723272943498e-01
6.586897294868215846e-01
6.595187010929637328e-01
6.584725372093050977e-01
6.581000369367019376e-01
6.574539239520588163e-01
6.575251133287842720e-01
6.584063335099735736e-01
6.569938906369425791e-01
6.574865966017163776e-01
6.565597273166542402e-01
6.581747280126377664e-01
6.555979059554605248e-01
6.570991249048351301e-01
6.561603830803542925e-01
6.557295067843869063e-01
6.562076427480032503e-01
6.565673238509401877e-01
6.570661674678578423e-01
6.579733090774176896e-01
6.558449934434997797e-01
6.574408291836418838e-01
6.563937107663646575e-01
6.553879236035672351e-01
6.552080027404806328e-01
6.550321016474546232e-01
6.560286110656228242e-01
6.539442904182147798e-01
6.549175247114505938e-01
6.538898308202395482e-01
6.535645288204645631e-01
6.535512985129242614e-01
6.541068972464362252e-01
6.557744003756516005e-01
6.543392422309469714e-01
6.543787444114904650e-01
6.537304273097043206e-01
6.535223210441912789e-01
6.539246071644375657e-01
6.523969985385799086e-01
6.532496123136194432e-01
6.532976819029463478e-01
6.517478055971404061e-01
6.534486782440096508e-01
6.524749464793184739e-01
6.526876955602165520e-01
6.520928632896448862e-01
6.518580076574548299e-01
6.518248884702080304e-01
6.510551374635055177e-01
6.514895117643465516e-01
6.512515217676159152e-01
6.510115821516543333e-01
6.504065790497881583e-01
6.504510306328032954e-01
6.520834063696884231e-01
6.501830763866951468e-01
6.511310873932677490e-01
6.499830831199314707e-01
6.500259199999407489e-01
6.491985255062001636e-01
6.506768048609701260e-01
6.504579609918645922e-01
6.484000509092723297e-01
6.485375360380194465e-01
6.497817866306321299e-01
6.494363565607458311e-01
6.490859612759023456e-01
6.483434052735183029e-01
6.483780363748845588e-01
6.486545126073726131e-01
6.487473677628569080e-01
6.485078310116113576e-01
6.472643287611832275e-01
6.486681974243522220e-01
6.478657914775692861e-01
6.478833808633350788e-01
6.482351899511961113e-01
6.463690716373303724e-01
6.472775978716287515e-01
6.477031344197119456e-01
6.450207022447077554e-01
6.467009674055173019e-01
6.458573539923655460e-01
6.443220559979865314e-01
6.462306542324373071e-01
6.466448269466630316e-01
6.475438829433675103e-01
6.450071602742335486e-01
6.465195396878118395e-01
6.458306233814495867e-01
6.451827872591441304e-01
6.459362650557682883e-01
6.448547195968711288e-01
6.457217113766873240e-01
6.454691919383035437e-01
6.435798716612435300e-01
6.440062376621258355e-01
6.441486253761765646e-01
6.452953627646350609e-01
6.438715932644262230e-01
6.446959184421380273e-01
6.448909461762899475e-01
6.416711895142788169e-01
6.438443288457224023e-01
6.418311161282150845e-01
6.431452847407697071e-01
6.430337303076024691e-01
6.431392452147487448e-01
6.431983175525329832e-01
6.438433146800673912e-01
6.420421835764084095e-01
6.416248560007449253e-01
6.424527672196111983e-01
6.393869881505780395e-01
6.432427544540724185e-01
6.412803244454861051e-01
6.404956682549952651e-01
6.417980634164959231e-01
6.412215545118205018e-01
6.417708342437606905e-01
6.403483361237507498e-01
6.399398770700479577e-01
6.401556741770455528e-01
6.397006203541147906e-01
6.392628717463837429e-01
6.390926028670559367e-01
6.404125078641476065e-01
6.396042875934577765e-01
6.401167436051913295e-01
6.369305140016274791e-01
6.386539963201066650e-01
6.402657196512976379e-01
6.384850710544928143e-01
6.382382966259192436e-01
6.399072481370018384e-01
6.377246457565021176e-01
6.373569474124458623e-01
6.383142508778167912e-01
6.395588005438133106e-01
6.386698731029455400e-01
6.376788808571328682e-01
6.378800763578831301e-01
6.366693486844878791e-01
6.370866581383742844e-01
6.365330387329748429e-01
6.369295150701409503e-01
6.376024376569972008e-01
6.356917047622017147e-01
6.372637242790301082e-01
6.349810644565970774e-01
6.369631094660689330e-01
6.351195958800643915e-01
6.363157410891070453e-01
6.365135158386789893e-01
6.367185395266344861e-01
6.353147014276729898e-01
6.364849391175535498e-01
6.354934723999831059e-01
6.344508324146895806e-01
6.353965573359697805e-01
6.355446790899217380e-01
6.351406480490343620e-01
6.360264150290835250e-01
6.353825674008903857e-01
6.327632299527249371e-01
6.340801497985698587e-01
6.335015178582071860e-01
6.344611498703265351e-01
6.346614660703575606e-01
6.335585843262658834e-01
6.343086647164556391e-01
6.348733516382808473e-01
6.344313585554008927e-01
6.340280421985607928e-01
6.328823149509538171e-01
6.339381979892931840e-01
6.337601608561791444e-01
6.325209488019607473e-01
6.335556201450848191e-01
6.315801066923147911e-01
6.330770440756124939e-01
6.338228358123600970e-01
6.324281391771212624e-01
6.311299656686757409e-01
6.318189343898198418e-01
6.317350123842139231e-01
6.324005151495148969e-01
6.311454114714918351e-01
6.312860901156950311e-01
6.330805585640666422e-01
6.302865114141913416e-01
6.321875550734847860e-01
6.318849553202181557e-01
6.299077421642150787e-01
6.314726929646127251e-01
6.299685394616473255e-01
6.311631350899766790e-01
6.299767353598618724e-01
6.294658315526955317e-01
6.297793664902950894e-01
6.297838669106948783e-01
6.287466451746257512e-01
6.296718709128460434e-01
6.306918983888443186e-01
6.296318127235926987e-01
6.297331085653099514e-01
6.280407348379692944e-01
6.288581780086032191e-01
6.297951731090128957e-01
6.279042937330873153e-01
6.280281476882839664e-01
6.282255248720962637e-01
6.276140757355218591e-01
6.273632784964159326e-01
6.274895406558934630e-01
6.272388942086348784e-01
6.278233541952311647e-01
6.280869983919359356e-01
6.265279848897593595e-01
6.257716992563515657e-01
6.284622963354907776e-01
6.274498491037066028e-01
6.275966365641701961e-01
6.269043947089160129e-01
6.259552720259937697e-01
6.264334984610957502e-01
6.263842124224060504e-01
6.263353957805106731e-01
6.256649415389259339e-01
6.243306622336031175e-01
6.252643013189932431e-01
6.250350048280070014e-01
6.273355474090365202e-01
6.254785102049548184e-01
6.254142706265172214e-01
6.246589200910358519e-01
6.249066649257982720e-01
6.247243205884766004e-01
6.268818170188099614e-01
6.245921108659827636e-01
6.254938537927833275e-01
6.252042584438053385e-01
6.238777023886922235e-01
6.231922220124516132e-01
6.239943669496234024e-01
6.238056898349452206e-01
6.235936208371549716e-01
6.214225481963587816e-01
6.224372717880787276e-01
6.243231008242322577e-01
6.232023812924275541e-01
6.244634949165956961e-01
6.226359544763266918e-01
6.221352864906490865e-01
6.232446001212265108e-01
6.212915921135606645e-01
6.221469087955314725e-01
6.222199138967462462e-01
6.219379307823222902e-01
6.209594482968668894e-01
6.206260922645855382e-01
6.228461549385507778e-01
6.217157348461274102e-01
6.201603082399894662e-01
6.211386006429444606e-01
6.210688749595696390e-01
6.198037143680957817e-01
6.203386231958784025e-01
6.245930349047564833e-01
6.208199530796402188e-01
6.202335228894393371e-01
6.194230256186447070e-01
6.187577185113679601e-01
6.192626919901594862e-01
6.183513662063732097e-01
6.188788801783108307e-01
6.186826865173459256e-01
6.207251095607793090e-01
6.186969137258572227e-01
6.174923101961107275e-01
6.187902776597997700e-01
6.189904951125362320e-01
6.182321094621361368e-01
6.190940669311481015e-01
6.170520926082406765e-01
6.173685581523844501e-01
6.174287168464841491e-01
6.166843083339671461e-01
6.182032336658594973e-01
6.165439724802009858e-01
6.167183843950503341e-01
6.171957379320074377e-01
6.168712037803554260e-01
6.169341207142611250e-01
6.162238939132563820e-01
6.164469273863177889e-01
6.167728523912132665e-01
6.152512323142138584e-01
6.169554300946823444e-01
6.163649787807438107e-01
6.151045705530907570e-01
6.168693256625759069e-01
6.159297456221810574e-01
6.149576345747274075e-01
6.144890547731789443e-01
6.145205681446808121e-01
6.141135960751730183e-01
6.139067715478740972e-01
6.135824316228121189e-01
6.129582814434495486e-01
6.137222855989169501e-01
6.150400272128812018e-01
6.147953061122538587e-01
6.136269332733225168e-01
6.142178518731320480e-01
6.118784807214043830e-01
6.142617206950854447e-01
6.129716502934737798e-01
6.127694549272705293e-01
6.128810522345353728e-01
6.131318134496619443e-01
6.119397494532151649e-01
6.132177754951774196e-01
6.123932399267167925e-01
6.121142369203856903e-01
6.105808691289846823e-01
6.124942245110730488e-01
6.104427556533058574e-01
6.099440832968575643e-01
6.114475673694114155e-01
6.110781652151437982e-01
6.100350537287597685e-01
6.096971152615400236e-01
6.101807649214248119e-01
6.104079082375283294e-01
6.092581623870979568e-01
6.090872655951284909e-01
6.097122148252234197e-01
6.100521251740064210e-01
6.126683609270187070e-01
6.100427522871755270e-01
6.076520110309765466e-01
6.092052786441597423e-01
6.095807573415953362e-01
6.094681843521587705e-01
6.067513962292039320e-01
6.081259024969121185e-01
6.070452522515082938e-01
6.075313672625818340e-01
6.065328019593253517e-01
6.073097842319455930e-01
6.067960368754857781e-01
6.076729967222097573e-01
6.085741367723253026e-01
6.088067630967854971e-01
6.075880892962632895e-01
6.062630898213103858e-01
6.065319782857200304e-01
6.065990796925094797e-01
6.063852601967872902e-01
6.063004051290720176e-01
6.068032662884916828e-01
6.071859818459243163e-01
6.047122903033397279e-01
6.053613508115139874e-01
6.047753891424585415e-01
6.055097879611731626e-01
6.059981771867988254e-01
6.038081865240051416e-01
6.041182601367843796e-01
6.033001576445784497e-01
6.056375972476035763e-01
6.046391007623016511e-01
6.044288255160477075e-01
6.028687330585995596e-01
6.055776022843656348e-01
6.036830911868704685e-01
6.044947717839112000e-01
6.038135234739659962e-01
6.030673006789969426e-01
6.023628138693892797e-01
6.020717817636433988e-01
6.033363830346700762e-01
6.029672514253959781e-01
6.024595828701470035e-01
6.015618852176722875e-01
6.017997380503368188e-01
6.021762691106240517e-01
6.014101964836110481e-01
6.017977979545596767e-01
6.015196609878609157e-01
6.015120085843542741e-01
6.013709877554224148e-01
6.014675563280349468e-01
6.009805956690776885e-01
6.009901665912618096e-01
6.008454114475914043e-01
6.003750738204062243e-01
6.007531321504763211e-01
5.995828034063750422e-01
6.005035610706267457e-01
5.992351628719965184e-01
5.984267289452097627e-01
6.012489141978969442e-01
5.995431591772181212e-01
6.008131847523462410e-01
5.990758897805575911e-01
5.981884559844705684e-01
5.987297906244224421e-01
5.996965182939734129e-01
5.999499241394391502e-01
5.975444703943194602e-01
5.987366627824394216e-01
5.992911156095536152e-01
5.976232169660797844e-01
5.985826310560754537e-01
5.983282099572415635e-01
5.985249074816330062e-01
5.975119583860118988e-01
5.981069982949146491e-01
5.966072454749793419e-01
5.964953173341687176e-01
5.976474972828133003e-01
5.960392393975588732e-01
5.975866307318111748e-01
5.973252378126965301e-01
5.965035596802060747e-01
5.963043971792727493e-01
5.961806544411926145e-01
5.968809744000171946e-01
5.951245630289242472e-01
5.952411609203771548e-01
5.960195381784019197e-01
5.973689340059241681e-01
5.963238186436607968e-01
5.948315491991811310e-01
5.969513627529289268e-01
5.947929589516330884e-01
5.963502125941229082e-01
5.968375327882020631e-01
5.930161410209767725e-01
5.950596935784592256e-01
5.931710233252774911e-01
5.953185047973125199e-01
5.932546911749250196e-01
5.941450619509717201e-01
5.935930166630074556e-01
5.933344020529333074e-01
5.915843348527923817e-01
5.936273095125541577e-01
5.950948842905356972e-01
5.926439387402296921e-01
5.921457508512778523e-01
5.933494698038805915e-01
5.935563660857826607e-01
5.910627619233360663e-01
5.912460364961267256e-01
5.925327675558317297e-01
5.926217564908222712e-01
5.910196606499648064e-01
5.915212521486734598e-01
5.908881271474740737e-01
5.921390986622466768e-01
5.918796488343174289e-01
5.916847771286755098e-01
5.903510596298119362e-01
5.895505544369041839e-01
5.919550973809216687e-01
5.921824911219776277e-01
5.910810525016632067e-01
5.900031993606018599e-01
5.889409659793558571e-01
5.896263734929574341e-01
5.896517860182819426e-01
5.887216617575562472e-01
5.897003356654934025e-01
5.896511791198859598e-01
5.889925024999528302e-01
5.889437847445191387e-01
5.898043173615222790e-01
5.886673268131793479e-01
5.874408813101753557e-01
5.863387849435290899e-01
5.871511446353695485e-01
5.892825495573542627e-01
5.897953794326867838e-01
5.881853930984430878e-01
5.877340783723005169e-01
5.871913135407377249e-01
5.896804651885492188e-01
5.873434801872997602e-01
5.869524774733201333e-01
5.870037334982485255e-01
5.887928940636044661e-01
5.851777413490769630e-01
5.867898319460167489e-01
5.871439440480857863e-01
5.849419440396659287e-01
5.857072184668545844e-01
5.844676588564958752e-01
5.852516704245626089e-01
5.850928975645074415e-01
5.859267589954264555e-01
5.860007273041309972e-01
5.835439461329201549e-01
5.867456476881522942e-01
5.845483055008748874e-01
5.840528787433141300e-01
5.839212599940716286e-01
5.843174224862507371e-01
5.840731026801800896e-01
5.858441988260421063e-01
5.847507446809263598e-01
5.830822313339860674e-01
5.835453424203110862e-01
5.831983793036572550e-01
5.835479849061501190e-01
5.824152847492928275e-01
5.831003905961408273e-01
5.831411648849706975e-01
5.848036809729537655e-01
5.834053193812530624e-01
5.835456842485065021e-01
5.812190918195998535e-01
5.845173800829173150e-01
5.826187212067293064e-01
5.831254266980736567e-01
5.836552202493480168e-01
5.818789445175983621e-01
5.842273251464439321e-01
5.813581279074782060e-01
5.824031409001237947e-01
5.822604532180428727e-01
5.824537903871654931e-01
5.832442867760573302e-01
5.829861314000380768e-01
5.793489288212121391e-01
5.809329147574364693e-01
5.813966963053355252e-01
5.803363439281524760e-01
5.819789000100662468e-01
5.812629868270750011e-01
5.806628581519092114e-01
5.812950760980335474e-01
5.799530745608515447e-01
5.801193626033551709e-01
5.806061111034775957e-01
5.824145962101215934e-01
5.810284485177263925e-01
5.807657967792457798e-01
5.790801623520865915e-01
5.797638366099083784e-01
5.796421530094525432e-01
5.805294481026820330e-01
5.781428994948869526e-01
5.794773069776096852e-01
5.810026947973065958e-01
5.792430597706784701e-01
5.787730877630929971e-01
5.800261635644189395e-01
5.802155370257685574e-01
5.796649338094335135e-01
5.786180438512243951e-01
5.784413497367189017e-01
5.777081727834005864e-01
5.790974349487060246e-01
5.770914359077090605e-01
5.800411811405135065e-01
5.782596324288794554e-01
5.790777483019001748e-01
5.775270309915349065e-01
5.770449049097472471e-01
5.786275844261250523e-01
5.785829732638483325e-01
5.779008834797098038e-01
5.798478655109374769e-01
5.779271655454946144e-01
5.759100123014918582e-01
5.768514427088449192e-01
5.777745983152330345e-01
5.766822169061617265e-01
5.768650062356541763e-01
5.784891448826037230e-01
5.773156759413102801e-01
5.777808704103930548e-01
5.771016144572601592e-01
5.777420617715289808e-01
5.760454966169213931e-01
5.773026566726403574e-01
5.753164192617311601e-01
5.754525462463842000e-01
5.767780870936347615e-01
5.768514783254841127e-01
5.754024834396174182e-01
5.739712362313710292e-01
5.770424873057168336e-01
5.754938259400828038e-01
5.740937648337980370e-01
5.752747721936007919e-01
5.764054751797864640e-01
5.746722843142590964e-01
5.746016972319254457e-01
5.748742868694013408e-01
5.762244893391156308e-01
5.742719027743229399e-01
5.743467045553284356e-01
5.748884975214351156e-01
5.756188185696222703e-01
5.730209317415547732e-01
5.747590269909561567e-01
5.752303329204757620e-01
5.742535877469713279e-01
5.747390053930230280e-01
5.738004284511780684e-01
5.732355545867291458e-01
5.724960512820442826e-01
5.733429781550979376e-01
5.738329726645404749e-01
5.731884425016881002e-01
5.727742250061114149e-01
5.745834674720902147e-01
5.730936689998284983e-01
5.721660779473299874e-01
5.743953948197195736e-01
5.744927606414015342e-01
5.734544722493476465e-01
5.731799144599891704e-01
5.734550592154676885e-01
5.722515250234353479e-01
5.742096663335158890e-01
5.726063186780409042e-01
5.716105987005583033e-01
5.711217993792662151e-01
5.719927385776673034e-01
5.724991920429739478e-01
5.719054662845448611e-01
5.723400621731291604e-01
5.741390690230565585e-01
5.719089963208457972e-01
5.716080191867681792e-01
5.704509166812237186e-01
5.706733252962528091e-01
5.713438294736761236e-01
5.724467952031788709e-01
5.721374414337944136e-01
5.726139425050009724e-01
5.707347271695353275e-01
5.711595200549860474e-01
5.718288716121887605e-01
5.698968504254401379e-01
5.700119929037693600e-01
5.701171408058292034e-01
5.699353295751576898e-01
5.710747028429555838e-01
5.700047122551473722e-01
5.701039239069372044e-01
5.717960735759854973e-01
5.707785589915718161e-01
5.701787978794866651e-01
5.707168795221581048e-01
5.696083931839748260e-01
5.721674090607375973e-01
5.697287031684795666e-01
5.702869194132842434e-01
5.696947659476538917e-01
5.720918136817028099e-01
5.696280997984006778e-01
5.706202172370107295e-01
5.693839186832589938e-01
5.702695876410084352e-01
5.687502439027383172e-01
5.703348812461186412e-01
5.701651767807571769e-01
5.688398620165711073e-01
5.686236155577144569e-01
5.692004862206524463e-01
5.685232047747038608e-01
5.690287121253442271e-01
5.685922959873487281e-01
5.689893450231261474e-01
5.686286421051985895e-01
5.674543459112731947e-01
5.687391134566764928e-01
5.689138994988797160e-01
5.678273803574749312e-01
5.683631851113754019e-01
5.686808717881891573e-01
5.684373385800381984e-01
5.667581671019232825e-01
5.676184524448960600e-01
5.683888027295967982e-01
5.680973017229777877e-01
5.685587748667015884e-01
5.678409195348858018e-01
5.664586763476574527e-01
5.672855442239150836e-01
5.690092809603403134e-01
5.663549917771135700e-01
5.665741676629068024e-01
5.679997918106799437e-01
5.666088398212448807e-01
5.677779704975391972e-01
5.670063764215409474e-01
5.662101982281586565e-01
5.657870807296774274e-01
5.669043338846718738e-01
5.674921231900444951e-01
5.640387246184128678e-01
5.660439031270068089e-01
5.670100895621018600e-01
5.655931562741293162e-01
5.659034719123477997e-01
5.661082131249262073e-01
5.654285534866535512e-01
5.668287874248925107e-01
5.659627060936215370e-01
5.663439307034660031e-01
5.659099555420783467e-01
5.649397790100184613e-01
5.657300237351490235e-01
5.704933253968055284e-01
5.655369414076593104e-01
5.653553055358205848e-01
5.645345409071474974e-01
5.646915246196704263e-01
5.657733245084425322e-01
5.635088556902121404e-01
5.645397935487410646e-01
5.657335325252589309e-01
5.635152771709682762e-01
5.645827457581470421e-01
5.643688658223351418e-01
5.651159175611489838e-01
5.633848585876437554e-01
5.651859499544310550e-01
5.644273303043415568e-01
5.641555219002214461e-01
5.654357877691857936e-01
5.641197733645182399e-01
5.649473537065423656e-01
5.647022220065959219e-01
5.635010314912155538e-01
5.638055079904708000e-01
5.646451973125513613e-01
5.639759595516973256e-01
5.635980320200092430e-01
5.648484276943055438e-01
5.656054778327311849e-01
5.651604758359173308e-01
5.636490522583856855e-01
5.630134472015481117e-01
5.626615972157633649e-01
5.630676031119740133e-01
5.620143994758902695e-01
5.636222693051431420e-01
5.631187968165093372e-01
5.605391850562543299e-01
5.616436406805342951e-01
5.632013321527234995e-01
5.630390627541307369e-01
5.630114129717582738e-01
5.628776741146411799e-01
5.629058566215063841e-01
5.637014710923402561e-01
5.639265141873396336e-01
5.637530693117168701e-01
5.624797408922715958e-01
5.633103712476144054e-01
5.609676168752276704e-01
5.632062684500639405e-01
5.615250895457600810e-01
5.609637112925092151e-01
5.621580909355685662e-01
5.609813103179223104e-01
5.609436731363312001e-01
5.628203366924814377e-01
5.624515169056313324e-01
5.615395702607829387e-01
5.620213415912655996e-01
5.609669536715539140e-01
5.615519741356731487e-01
5.613109932827246018e-01
5.617329952342410282e-01
5.609137296776482984e-01
5.599131068369693764e-01
5.619477387581337524e-01
5.610781742987408505e-01
5.604436232535546791e-01
5.605533443025788598e-01
5.608003035968713856e-01
5.608981388953134806e-01
5.603115044849927839e-01
5.608878221920630125e-01
5.600883005391924518e-01
5.600939629689593025e-01
5.607667762737855721e-01
5.591759284889612491e-01
5.605874988658858804e-01
5.623816385898677828e-01
5.601472238267072301e-01
5.591589957991464077e-01
5.598900165746634183e-01
5.598285779055759415e-01
5.593643519142224019e-01
5.627792629428086668e-01
5.606353223731603830e-01
5.593451573279190070e-01
5.601400323877885334e-01
5.596992094434066756e-01
5.597596565908873334e-01
5.594925027217968472e-01
5.589250074378870892e-01
5.602622542078529166e-01
5.581891217454276743e-01
5.581496944076735911e-01
5.590386051915541277e-01
5.586977892604384488e-01
5.581510410459544769e-01
5.594591544485667534e-01
5.604137776210120769e-01
5.581237014018619602e-01
5.572967837059593643e-01
5.581280219895352612e-01
5.594552430548449529e-01
5.603474204750532595e-01
5.599609976264996458e-01
5.578388206599834698e-01
5.589102859203290974e-01
5.582715787601144619e-01
5.582145331587400339e-01
5.555167719435175622e-01
5.582755923772181328e-01
5.600022971698574992e-01
5.585773488954950405e-01
5.583987895781461486e-01
5.583369425814782572e-01
5.590918635820666394e-01
5.568050763324855490e-01
5.586071307463891245e-01
5.583084667901423437e-01
5.585178335185195797e-01
5.572757771162322182e-01
5.565543199365200477e-01
5.584478626234397058e-01
5.568134455998837717e-01
5.578569985709834755e-01
5.560426109596829924e-01
5.562628637609545734e-01
5.583718419300330860e-01
5.572518659305296662e-01
5.574185079617902661e-01
5.565004749149933261e-01
5.587134062243187538e-01
5.572164332588422919e-01
5.573450221695905871e-01
5.579399054707827599e-01
5.572282448980357961e-01
5.562916712102359273e-01
5.572196065862198289e-01
5.547409989723681711e-01
5.585296243950729211e-01
5.555134636659367908e-01
5.561093463989547070e-01
5.562105701173860606e-01
5.558990134740856570e-01
5.561705483634284963e-01
5.560366468167736720e-01
5.569880619111312603e-01
5.544947097402620484e-01
5.538967193168380376e-01
5.562630353130123551e-01
5.560309976078898764e-01
5.555897106496123783e-01
5.581534896771994658e-01
5.564452297279500748e-01
5.566500496402372322e-01
5.557261019768203747e-01
5.596316081966689060e-01
5.542196377862332879e-01
5.571039119627271274e-01
5.539385156097491603e-01
5.548468113606490615e-01
5.533448200103964210e-01
5.549720972508018768e-01
5.539868428549789003e-01
5.545747382680441540e-01
5.550046652211082510e-01
5.550044484308775949e-01
5.550952154069750399e-01
5.530744689061095620e-01
5.566192191709726789e-01
5.545047356755381518e-01
5.529450510278801634e-01
5.545689776476514510e-01
5.548946507449118437e-01
5.547195325724781911e-01
5.552806025222468689e-01
5.539350844510739780e-01
5.540761398332310073e-01
5.549438951235718953e-01
5.525806320027005780e-01
5.533529758872196558e-01
5.543640619061627195e-01
5.548763316927567413e-01
5.529732831644161850e-01
5.525180730527547990e-01
5.535592965206077576e-01
5.533889640957737610e-01
5.547664538102619058e-01
5.538598944718070571e-01
5.536486673665953484e-01
5.539403172876301573e-01
5.523789258630698029e-01
5.532805418205740677e-01
5.519971444152557138e-01
5.539458884471357702e-01
5.509594214661218681e-01
5.514171631442792432e-01
5.537147709070793233e-01
5.542518476888583789e-01
5.504326282896593314e-01
5.527898738698331371e-01
5.526360817571188688e-01
5.520581264083137540e-01
5.523048459458131942e-01
5.522559485038890381e-01
5.529350996570590038e-01
5.517315741897050874e-01
5.519180977544118072e-01
5.517165956095825274e-01
5.526733238576370111e-01
5.533546471923933563e-01
5.512030885122430890e-01
5.501985159825660832e-01
5.506572123856416923e-01
5.513481966119615496e-01
5.516819721398799059e-01
5.526066246616987421e-01
5.530333019627965419e-01
5.486503315804452940e-01
5.511050782616457866e-01
5.498533910497770405e-01
5.505890151202896821e-01
5.518682305632562901e-01
5.522510428069836719e-01
5.511658041451030776e-01
5.522123976696869940e-01
5.501401311382110304e-01
5.510482812221504378e-01
5.506009703851040271e-01
5.488493485902548041e-01
5.499400319422421690e-01
5.509360546366381950e-01
5.506013526985813478e-01
5.490139401153495413e-01
5.480565434110539202e-01
5.504273038545841601e-01
5.494255996733522496e-01
5.499042146009548437e-01
5.501947692050743743e-01
5.484995486211208249e-01
5.491698249959917622e-01
5.500716817151647398e-01
5.494831991747222144e-01
5.480206593410871241e-01
5.508001330528170536e-01
5.480881440880983613e-01
5.513027049214226372e-01
5.484903461836134753e-01
5.497664653677832858e-01
5.506962230175086459e-01
5.496048585773172235e-01
5.474330542603808025e-01
5.473506586964025367e-01
5.501382730353242545e-01
5.478640392211826526e-01
5.493640495388560918e-01
5.486131871337653898e-01
5.493414295052548857e-01
5.476117556442361423e-01
5.497216724920349629e-01
5.471414531185505581e-01
5.477747753278314757e-01
5.483508559976121299e-01
5.498264032673926271e-01
5.494520911932686547e-01
5.484238018060932918e-01
5.467352006030581357e-01
5.473576573386187416e-01
5.472349752771940024e-01
5.473159141386533255e-01
5.495299327599088013e-01
5.492676723052251075e-01
5.476438810257669987e-01
5.474786951153947090e-01
5.488282586194997981e-01
5.479427111392443095e-01
5.464971115895345122e-01
5.473901842325139544e-01
5.469959163916183753e-01
5.476288049875239761e-01
5.477664551778361757e-01
5.478124847223937444e-01
5.474101165588918239e-01
5.481291631388803820e-01
5.482321102836907878e-01
5.478578664644464524e-01
5.461658506406580349e-01
5.459880159348370343e-01
5.484679016327699275e-01
5.472495800370139607e-01
5.468736173973828274e-01
5.468051927717206828e-01
5.464888519143104029e-01
5.457036437483073765e-01
5.475287306418578082e-01
5.463997288499821137e-01
5.469986603533125713e-01
5.468701423087064528e-01
5.478361327358712840e-01
5.463559844571923563e-01
5.460169535279728592e-01
5.462917196174797985e-01
5.462571525274985129e-01
5.488451583372938591e-01
5.448714469862752097e-01
5.447329243886585015e-01
5.459546789434271963e-01
5.441889247067377422e-01
5.465298458650746927e-01
5.457773746254154235e-01
5.454641115838356757e-01
5.466985058921619567e-01
5.453150885040789486e-01
5.442173993060955839e-01
5.465038077187281962e-01
5.451935578192060872e-01
5.475244069094478139e-01
5.444506078636659474e-01
5.448656308399408843e-01
5.457978228679820631e-01
5.452555331315576126e-01
5.457358330482240394e-01
5.473460232559950178e-01
5.469938142460308850e-01
5.448316059579231263e-01
5.475547888150256171e-01
5.454782984678805402e-01
5.457204955625455378e-01
5.449159543262938055e-01
5.455066306258641307e-01
5.447500728052898644e-01
5.455202449632771122e-01
5.455451274493730018e-01
5.454138856770983645e-01
5.469827040609446245e-01
5.449305285280914291e-01
5.454024273456262728e-01
5.457110170151241446e-01
5.450943727554183882e-01
5.456308427894555058e-01
5.438868551086724068e-01
5.453675129656895271e-01
5.444317701808991661e-01
5.464041996184926253e-01
5.440191547872915701e-01
5.437072646587581826e-01
5.438875207526319144e-01
5.446188009125964014e-01
5.445110078149135724e-01
5.460069182678323196e-01
5.435376074687120473e-01
5.440329289195647844e-01
5.442789907091860613e-01
5.443019611573775007e-01
5.433769985661995872e-01
5.445175717723880204e-01
5.452652095632363194e-01
5.461623627035365747e-01
5.429901367573789495e-01
5.451038595088442129e-01
5.423585010147640162e-01
