4.201522462062974861e-01
5.245232112082713893e-01
5.399702029715675033e-01
5.450401369250306161e-01
5.506066872190806816e-01
5.532231882269660339e-01
5.559731085402430661e-01
5.579076886113443212e-01
5.600942829350937791e-01
5.604278312261853356e-01
5.633778805096993914e-01
5.645786543452588901e-01
5.674175208669900439e-01
5.689666673592870261e-01
5.703453336117549899e-01
5.719611897587357774e-01
5.720649603341612099e-01
5.729025371477792783e-01
5.740810744211742866e-01
5.753856188250904280e-01
5.770162993425768105e-01
5.771719552096912231e-01
5.778242274120910515e-01
5.795142054062983883e-01
5.803073091088414293e-01
5.823308353804445003e-01
5.835316092133532306e-01
5.824049572259036855e-01
5.855551354778875117e-01
5.852438237516112141e-01
5.869115651840957071e-01
5.875119521027590830e-01
5.860665761863294021e-01
5.891352204263776704e-01
5.892686397436979195e-01
5.902099871314159252e-01
5.917368970637574277e-01
5.912106319892278528e-01
5.920704453557326108e-01
5.942051543855840778e-01
5.930636780267454222e-01
5.937233624185951353e-01
5.937604233415456623e-01
5.953614551202299765e-01
5.963843365225343085e-01
5.975184007029681332e-01
5.983559775046575213e-01
5.982744434940474587e-01
5.992380274280252328e-01
5.994900416846494773e-01
6.004313890736929782e-01
6.010243638086497642e-01
6.013356755322752933e-01
6.017952309556553470e-01
6.036853379147979481e-01
6.026476321247578039e-01
6.052789575013814982e-01
6.054716742932135798e-01
6.038335815999730238e-01
6.062425414388936673e-01
6.054346133693794263e-01
6.058571078711343372e-01
6.066279750185816777e-01
6.080733509328023478e-01
6.087849206075049979e-01
6.095113146535968696e-01
6.092667125793537197e-01
6.086292647408324541e-01
6.101117015753528827e-01
6.120685181776925887e-01
6.112161170134500221e-01
6.124317152124463259e-01
6.113643606928816920e-01
6.125132492349850688e-01
6.122167618699365654e-01
6.136176646770583609e-01
6.142921734261597155e-01
6.152335208200629957e-01
6.160785098072261157e-01
6.150556284022709042e-01
6.152335208160868429e-01
6.150111552929631298e-01
6.160636854353951364e-01
6.172570470872481563e-01
6.172792836441109987e-01
6.179537924007230121e-01
6.183762869002689122e-01
6.185986524189746039e-01
6.169902084610018322e-01
6.182725163244016109e-01
6.206073543289081229e-01
6.192286880759982903e-01
6.196141216503846527e-01
6.200069674146627685e-01
6.212744509035807994e-01
6.207333614656144194e-01
6.207778345612264825e-01
6.223269810468963215e-01
6.218451890790238634e-01
6.207185370906908028e-01
6.230089019889820667e-01
6.215042286055511012e-01
6.219193109107873374e-01
6.240614321336230841e-01
6.235425792458926253e-01
6.239873102992088416e-01
6.239947224837989470e-01
6.238316544334199243e-01
6.253659765406317517e-01
6.249138333208392737e-01
6.240169590287332202e-01
6.244987509966057893e-01
6.256105786285708348e-01
6.248693602106478728e-01
6.257069370220569304e-01
6.271078398252025732e-01
6.266408722265103259e-01
6.258922416288571489e-01
6.263147361102892052e-01
6.263073239416039328e-01
6.269521839563210186e-01
6.267668793508462954e-01
6.278268216858208239e-01
6.271671372961800106e-01
6.283827354934090614e-01
6.271078398229935624e-01
6.289682980490775011e-01
6.291684270144546343e-01
6.273895028250471295e-01
6.298058748551849106e-01
6.278194095082995085e-01
6.289905346024059485e-01
6.288867640150519467e-01
6.314587919246744674e-01
6.289905346019641907e-01
6.293907925397873582e-01
6.302061328058202738e-01
6.314810284700506093e-01
6.300727134814312347e-01
6.303099033737350476e-01
6.319776448084286624e-01
6.330524115121416440e-01
6.308435806297620907e-01
6.321258885019979123e-01
6.332451283013228460e-01
6.329931140411642065e-01
6.325039098895851586e-01
6.322889565408902346e-01
6.318812864175933353e-01
6.339863467192458080e-01
6.338455152129174319e-01
6.332080673841157248e-01
6.339789345337720761e-01
6.341938878749564523e-01
6.345126117853810976e-01
6.341197660259628721e-01
6.352390058403090123e-01
6.325261464433554748e-01
6.352390058358909908e-01
6.370179300323672855e-01
6.351574718098178529e-01
6.357059734376758753e-01
6.348387478936498018e-01
6.347794504191379694e-01
6.356985612513185169e-01
6.362100019584350230e-01
6.365509624296987745e-01
6.354613713682925047e-01
6.361581166777910967e-01
6.368919229036132945e-01
6.381223454642792614e-01
6.363656578277584464e-01
6.370772275046701072e-01
6.370549909460400118e-01
6.374997220011233701e-01
6.375960803937259502e-01
6.382335282291545786e-01
6.365139015093991270e-01
6.391600512441580895e-01
6.369289838265638215e-01
6.387375567552153743e-01
6.373588905023056528e-01
6.385819008872174463e-01
6.397382016086092804e-01
6.400939864565637905e-01
6.376257291329698873e-01
6.384929546783213450e-01
6.385819008867755775e-01
6.382780013380205952e-01
6.393675924091465346e-01
6.382854135173090526e-01
6.395528970079943365e-01
6.387301445728342797e-01
6.396789041354228322e-01
6.392860583813062547e-01
6.406350759002735762e-01
6.402941154259171874e-01
6.409612119983808531e-01
6.417617278886066368e-01
6.398271478281085667e-01
6.392712340121260439e-01
6.406350758962973124e-01
6.409982729151462166e-01
6.404201225537875519e-01
6.407610830246095457e-01
6.413688821265375317e-01
6.417172547784151249e-01
6.422435198639897536e-01
6.424807097536427980e-01
6.424436488289250180e-01
6.428216702231392965e-01
6.424881219307222446e-01
6.405313053199882534e-01
6.431996916085175320e-01
6.415171258095035967e-01
6.419470324936396022e-01
6.421397492766356407e-01
6.421990467515892309e-01
6.443930532586032989e-01
6.434368815056812352e-01
6.423176417014965223e-01
6.433775840364710508e-01
6.429699139034545929e-01
6.435925373697030105e-01
6.423028173270146635e-01
6.425177706743843142e-01
6.441188024437907167e-01
6.437852541580006971e-01
6.437778419804793817e-01
6.460014972156924440e-01
6.440372684247863688e-01
6.439631465819779521e-01
6.443559923383036514e-01
6.429773260889283248e-01
6.448007233832255825e-01
6.442670461294075501e-01
6.440520927917575689e-01
6.443411679651471768e-01
6.449341427005458316e-01
6.450972107562265023e-01
6.460163215866399078e-01
6.448896696005158580e-01
6.446154187883540443e-01
6.462609236675100899e-01
6.452751031696005724e-01
6.461942140110590316e-01
6.455122930658806490e-01
6.456901854805802143e-01
6.458458413534379217e-01
6.445042360168516948e-01
6.455790027245408291e-01
6.466389450617243684e-01
6.464907013778746769e-01
6.465870597660592356e-01
6.457568951352641307e-01
6.465203501078409243e-01
6.458829022803647124e-01
6.480176113040309049e-01
6.470910882952126686e-01
6.465129379312032354e-01
6.487810662783749516e-01
6.457939560639580634e-01
6.477211239460511916e-01
6.463424576918160858e-01
6.472615685297400390e-01
6.483215108607383037e-01
6.474320487651510359e-01
6.468687227667873074e-01
6.473282781826567023e-01
6.471059126533478256e-01
6.482918621192853559e-01
6.470688517493947689e-01
6.479286651052962309e-01
6.473949878444095196e-01
6.496779405585524358e-01
6.471207370318058372e-01
6.489218977727746474e-01
6.476395899186526695e-01
6.497224136621168045e-01
6.484919910961493006e-01
6.492257973246222669e-01
6.478323066963471710e-01
6.490701414579497230e-01
6.482325646496333027e-01
6.475284071484757042e-01
6.487810662726315458e-01
6.479731381982575256e-01
6.497594745850673315e-01
6.491739120408858144e-01
6.482251524632759443e-01
6.493147435326347416e-01
6.496038187108841289e-01
6.493518044573524106e-01
6.512196748640501909e-01
6.497372380264372360e-01
6.489218977824943169e-01
6.503820980544083863e-01
6.489737830618127479e-01
6.509305996813827822e-01
6.497075892986799994e-01
6.496038187179529189e-01
6.505599904748512463e-01
6.501523203413929197e-01
6.502412665529397895e-01
6.506563488621521785e-01
6.506934097846608367e-01
6.506267001361621949e-01
6.501152594219768988e-01
6.502857396565042691e-01
6.516792302830122230e-01
6.522499684527118813e-01
6.507082341591426955e-01
6.518867714307704508e-01
6.512048504891265743e-01
6.506934097855444632e-01
6.519238323568136151e-01
6.514123916519061197e-01
6.515383987780092312e-01
6.515235744083872627e-01
6.514198038285438086e-01
6.541104266840973569e-01
6.525612801909168592e-01
6.517014668292718804e-01
6.535396884958419861e-01
6.524204486951916682e-01
6.530875452698643446e-01
6.527614091660136619e-01
6.517607643059927236e-01
6.532135524048034991e-01
6.534952153975792655e-01
6.533247351595175001e-01
6.535545128712074714e-01
6.531468427373073871e-01
6.537398174687297780e-01
6.534952153966956390e-01
6.543105556477073481e-01
6.529096528450034631e-01
6.531913158483824144e-01
6.539918317262377601e-01
6.535989859681448078e-01
6.545996308325837676e-01
6.550147131488649466e-01
6.537694662070901996e-01
6.539621829975968970e-01
6.539621829896444805e-01
6.539102977032571484e-01
6.537842905745032684e-01
6.537324052863486834e-01
6.543105556494744901e-01
6.538065271256227051e-01
6.550073009642748412e-01
6.562673722663937559e-01
6.544736237033880188e-01
6.544291506024744187e-01
6.548738816473963498e-01
6.554890929370070785e-01
6.550295375167197731e-01
6.559782970854934891e-01
6.558745265096262989e-01
6.546885770516411851e-01
6.546737526749504266e-01
6.555261538520051889e-01
6.556669853477303800e-01
6.570678881539686600e-01
6.563637306634142465e-01
6.557485193742452756e-01
6.579351136975528647e-01
6.570456516090343868e-01
6.571938952880241880e-01
6.558671143206181720e-01
6.569567053908604848e-01
6.566972789439027292e-01
6.562080747909982970e-01
6.568751713731816322e-01
6.572161318351674719e-01
6.571494221822508086e-01
6.562451357174832189e-01
6.562747844501002348e-01
6.561932504218180862e-01
6.588912854513585549e-01
6.572606049449171151e-01
6.590247047677952885e-01
6.585132640668639459e-01
6.578165187538308478e-01
6.566231571059540917e-01
6.590247047651444090e-01
6.585725615435847891e-01
6.586911564828887844e-01
6.581278304889431885e-01
6.581352426699988989e-01
6.592100093772461644e-01
6.596250916891094329e-01
6.580462964588937869e-01
6.593953139809537456e-01
6.588542245363604444e-01
6.592915434028775445e-01
6.569937663160200225e-01
6.596250916846914114e-01
6.584243178548753184e-01
6.588394001662967181e-01
6.602254786007039078e-01
6.580759452043231095e-01
6.596547404226099642e-01
6.596918013411424697e-01
6.594471992704337149e-01
6.601884176861476661e-01
6.599438156061609995e-01
6.599957008885721788e-01
6.596399160551970065e-01
6.599586399757829680e-01
6.599660521577223049e-01
6.600475861798192900e-01
6.607962167836576306e-01
6.608110411493034464e-01
6.603885466497575463e-01
6.603366613655792250e-01
6.606850340174569292e-01
6.617523885374633208e-01
6.590543535083646098e-01
6.604552563137193744e-01
6.609370482793828216e-01
6.598548694012411620e-01
6.609592848291768741e-01
6.599438156039519887e-01
6.599734643418706526e-01
6.609592848269678633e-01
6.596918013451187335e-01
6.602773638937182721e-01
6.599141668700095886e-01
6.616115570377619770e-01
6.618858078538999434e-01
6.618635712961534745e-01
6.617894494573212105e-01
6.617301519823676204e-01
6.622045317674172260e-01
6.612928331198267839e-01
6.627826821362864385e-01
6.609889335662119114e-01
6.630346963973287044e-01
6.619006322248474072e-01
6.625825531629568887e-01
6.631014060533381160e-01
6.623972485596910653e-01
6.615744961174622185e-01
6.625158435047385774e-01
6.621971195859197579e-01
6.625232556853524191e-01
6.624861947699125508e-01
6.636573198675533858e-01
6.633237715804379819e-01
6.631384669776140273e-01
6.636573198649026173e-01
6.635683736542393740e-01
6.641316996548120022e-01
6.641687605684847284e-01
6.645616063314373489e-01
6.635016640004390842e-01
6.646060794345599598e-01
6.627752699490455646e-01
6.633460081266976394e-01
6.645245454084868220e-01
6.649099789921509851e-01
6.642873555135321295e-01
6.645986672482027124e-01
6.644652479308824633e-01
6.645097210393066112e-01
6.646802012782520030e-01
6.649841008190546798e-01
6.647765596642275510e-01
6.635906102058006795e-01
6.640798143609141224e-01
6.651545810615343557e-01
6.643911260969099786e-01
6.654065953208094797e-01
6.651619932536351198e-01
6.652287029003666197e-01
6.647320865681737301e-01
6.661181650025810308e-01
6.653843587608540000e-01
6.657846167167910112e-01
6.662515843163668849e-01
6.663331183358129906e-01
6.655844877474376142e-01
6.657549679859411373e-01
6.648506815096867362e-01
6.644726601159143264e-01
6.663331183411145275e-01
6.645245454102540750e-01
6.664961863981206935e-01
6.669409174408336138e-01
6.673411753826329340e-01
6.660069822394728556e-01
6.667778493895709646e-01
6.666592544392219155e-01
6.662886452477115862e-01
6.667704372076316277e-01
6.683714689841069312e-01
6.664665376597602719e-01
6.657030826911596311e-01
6.669409174434843823e-01
6.674004728602374037e-01
6.668742077821735448e-01
6.675190677995413990e-01
6.682825227774198407e-01
6.676821358565475650e-01
6.668371468698262028e-01
6.680749816093387583e-01
6.656808461418073364e-01
6.672077560692889486e-01
6.673337632042281031e-01
6.676747236754918546e-01
6.676080140132972796e-01
6.687198416390771616e-01
6.680527450648462429e-01
6.673782363091178560e-01
6.673856484870810402e-01
6.670595123894155209e-01
6.674004728544939979e-01
6.670595123827884887e-01
6.687791391149143783e-01
6.692831676299301202e-01
6.688829096916651951e-01
6.668667956042103606e-01
6.699576763914019129e-01
6.675783652784712530e-01
6.704691171016110562e-01
6.687939634840945891e-01
6.688458487691565368e-01
6.682306374897071244e-01
6.686605441650070869e-01
6.688087878479731518e-01
6.702022784647615472e-01
6.687865512977372306e-01
6.698835545534532754e-01
6.687420781941728620e-01
6.700910957065131512e-01
6.707433679093548484e-01
6.697946083370466264e-01
6.713585791949894244e-01
6.701503931801414682e-01
6.703060490454886278e-01
6.704394683645760189e-01
6.708990237764692610e-01
6.716773031160172547e-01
6.695870671795687290e-01
6.710620918348007002e-01
6.705728876757111045e-01
6.693721138472203958e-01
6.696908377642720733e-01
6.722776900333551353e-01
6.709731456135342720e-01
6.704987658320190613e-01
6.711880989573694167e-01
6.716105934560316904e-01
6.713437548182985548e-01
6.712473964318812492e-01
6.719886148431771788e-01
6.716773031093902224e-01
6.710695040176235526e-01
6.716476543692626588e-01
6.717069518521686655e-01
6.719886148440608054e-01
6.718996686426753628e-01
6.720034392158917846e-01
6.716847153014909866e-01
6.724036971621091263e-01
6.716254178234447592e-01
6.715661203511419375e-01
6.727298332641926670e-01
6.717514249575002871e-01
6.728632525757695104e-01
6.727150088941288297e-01
6.712029233274332540e-01
6.727075967082133401e-01
6.743086284860140278e-01
6.739528436504298448e-01
6.734710516776976075e-01
6.731375033817461606e-01
6.731968008549324978e-01
6.732709227065769575e-01
6.717736615086197238e-01
6.727298332588910190e-01
6.734784638671474921e-01
6.728706647630103843e-01
6.752055027701676648e-01
6.735303491486749339e-01
6.727817185523471410e-01
6.761839110750927917e-01
6.733598689114967950e-01
6.752870367922645389e-01
6.733895176502989743e-01
6.749164275936854196e-01
6.743827503305895865e-01
6.719737904779731208e-01
6.744939330910469932e-01
6.738638974353485800e-01
6.746273524043909786e-01
6.754204561060503931e-01
6.739231949098604124e-01
6.748423057491098609e-01
6.760060186519991632e-01
6.753092733460348551e-01
6.752129149468053537e-01
6.752425636891419281e-01
6.749905494276579043e-01
6.750201981669018414e-01
6.757688287663222715e-01
6.745754671149111203e-01
6.756798825534500175e-01
6.763914522334543156e-01
6.780591936663806774e-01
6.750498469017278680e-01
6.754056317430554568e-01
6.765174593666263281e-01
6.762209719993688140e-01
6.771993803029685566e-01
6.771919681192620777e-01
6.764729862520169057e-01
6.760134308440999273e-01
6.755019901360997947e-01
6.761097892367023965e-01
6.770956097279848818e-01
6.770363122517059074e-01
6.776070504364267721e-01
6.769028929401290640e-01
6.765026349956788643e-01
6.766805274143545823e-01
6.773327996251485850e-01
6.779183621675629601e-01
6.772586777779221467e-01
6.773179752519922214e-01
6.784742759760348241e-01
6.764878106269404112e-01
6.783853297706732288e-01
6.781703764286052261e-01
6.788152364490658286e-01
6.780073083755753238e-01
6.790301897862739411e-01
6.773698605366123005e-01
6.779257743517111967e-01
6.782815591961314228e-01
6.798381178597644459e-01
6.789412435782615773e-01
6.795935157864048115e-01
6.779257743486186705e-01
6.789041826632634669e-01
6.793637380760402245e-01
6.789708923122039774e-01
6.795786914123648215e-01
6.794526842853780835e-01
6.784446272473940720e-01
6.804903900634896585e-01
6.785706343686374042e-01
6.795416304964830845e-01
6.786744049502480003e-01
6.795935157815450323e-01
6.804829778837593324e-01
6.777182331964423101e-01
6.798307056809177462e-01
6.809870064067276019e-01
6.793489137086272667e-01
6.783927419521706970e-01
6.802235514403359717e-01
6.809647698498646484e-01
6.807794652536677260e-01
6.796009279705531592e-01
6.808832358233497528e-01
6.805274509930672178e-01
6.798900031492443041e-01
6.808313505374041785e-01
6.802902610936945038e-01
6.800604833864225540e-01
6.804310925978138691e-01
6.803124976487902043e-01
6.819728268896159129e-01
6.820988340241131986e-01
6.813576156145845220e-01
6.810907769812694079e-01
6.811426622711911349e-01
6.820765974743191462e-01
6.811204257236059822e-01
6.828919377275398661e-01
6.821062462073779198e-01
6.809721820335711273e-01
6.828474646301606610e-01
6.810388916970910866e-01
6.810018307732569331e-01
6.812093719364782363e-01
6.813131425043931211e-01
6.818171710251522688e-01
6.824027335755190604e-01
6.811648988187762876e-01
6.828622889980154875e-01
6.832625469415819497e-01
6.831513641775902590e-01
6.826547478400957214e-01
6.829438230214377459e-01
6.826992209423348168e-01
6.832254860168642807e-01
6.813205546876578422e-01
6.834849124655892894e-01
6.824916797866240614e-01
6.819505903429143867e-01
6.827214574938961222e-01
6.832625469380475547e-01
6.829067620976035924e-01
6.823434360987982172e-01
6.835590343061886953e-01
6.828474646222082445e-01
6.851452417134837880e-01
6.834626759157951259e-01
6.843373136373425147e-01
6.833811418835368245e-01
6.838629338567109306e-01
6.847968690554209203e-01
6.843817867453249049e-01
6.859754063407444979e-01
6.844040232960026948e-01
6.852860732100924945e-01
6.846115644543641077e-01
6.849969980309594808e-01
6.845300304274074543e-01
6.847672203214785203e-01
6.844707329559881481e-01
6.860791769183789413e-01
6.860717647302544409e-01
6.863682521023717342e-01
6.857530408162954005e-01
6.858938723106950963e-01
6.841520090384947128e-01
6.856122093161521880e-01
6.845596791697440286e-01
6.858716357609010439e-01
6.862644815136922372e-01
6.863311911776540652e-01
6.866647394691874906e-01
6.860643525491987305e-01
6.856047971240515349e-01
6.856196214972078984e-01
6.869093415429888827e-01
6.860421159958701720e-01
6.868871049790571393e-01
6.862793058868487117e-01
6.865090835972132988e-01
6.863089546234418803e-01
6.858345748317653534e-01
6.865980298039002783e-01
6.876505599520758016e-01
6.867685100379858909e-01
6.874281944289520885e-01
6.883769540012601995e-01
6.871687679850868591e-01
6.863608399129218496e-01
6.879025742210704841e-01
6.870798217744236158e-01
6.874281944324864835e-01
6.876060868476276955e-01
6.885696707899997548e-01
6.871910045375317910e-01
6.872058289075956283e-01
6.881101153683869542e-01
6.868352197001804660e-01
6.886363804464508132e-01
6.877172696178046607e-01
6.883917783744166741e-01
6.890366383869248601e-01
6.883547174466063678e-01
6.889847530970031331e-01
6.890885236821481241e-01
6.884214271030574261e-01
6.885326098674909856e-01
6.881694128477585659e-01
6.896814984104779889e-01
6.876209112172497750e-01
6.881768250349994398e-01
6.881916493993198713e-01
6.888068606800946680e-01
6.903189462507663965e-01
6.884066027321100734e-01
6.883769539955167938e-01
6.879766960585772528e-01
6.885548464256793233e-01
6.891848820756343308e-01
6.892145308109021151e-01
6.904227168235410605e-01
6.891774698906023566e-01
6.898816273860165493e-01
6.898890395639796225e-01
6.898149177255892273e-01
6.900595198046922674e-01
6.899483370451184872e-01
6.897556202550536586e-01
6.898890395675140175e-01
6.903115340652927756e-01
6.903634193485874704e-01
6.899261004864883917e-01
6.903856559014741601e-01
6.908526235081188238e-01
6.904597777504677403e-01
6.913047667473505298e-01
6.909119209737946132e-01
6.913566520288780826e-01
6.915197200788153475e-01
6.897630324365511267e-01
6.908526235107697033e-01
6.914826591620499840e-01
6.918680927359945887e-01
6.899112761164245544e-01
6.911491108793526017e-01
6.909638062703433725e-01
6.926982573575118929e-01
6.920533973445619491e-01
6.909934550051693991e-01
6.909415697201074513e-01
6.908822722429448504e-01
6.922683506773521511e-01
6.920311607899080064e-01
6.917124368644621546e-01
6.928390888585386209e-01
6.910379281091756365e-01
6.927797913897701942e-01
6.928316766730648890e-01
6.927427304672615360e-01
6.928761497828145322e-01
6.926315477032697343e-01
6.926537842605744455e-01
6.919199780250326892e-01
6.927872035699422781e-01
6.928539132294860847e-01
6.928094401254798473e-01
6.923128237857762990e-01
6.928094401201781993e-01
6.939657408486389345e-01
6.934468879586994650e-01
6.939879774015256242e-01
6.935358341649446867e-01
6.946921348964979481e-01
6.943067013185771907e-01
6.945068302923486092e-01
6.945809521342733994e-01
6.930243934653388393e-01
6.952851096270368236e-01
6.931207518526397715e-01
6.957372528662685296e-01
6.943882353450921974e-01
6.951665146802221695e-01
6.932838199140638480e-01
6.959892671211256321e-01
6.946106008757264583e-01
6.942918769516059907e-01
6.955148873387267949e-01
6.940620992399160194e-01
6.947291958172394644e-01
6.962709301245045834e-01
6.945957765056626210e-01
6.949293247870347301e-01
6.963376397760958625e-01
6.962042204662861611e-01
6.963302275954819098e-01
6.964339981744417374e-01
6.954481776844847474e-01
6.949737978963425045e-01
6.965451809304811226e-01
6.967453099152974838e-01
6.972048653196800672e-01
6.967453099069033096e-01
6.968564926713368690e-01
6.963821128770094626e-01
6.985019975540273096e-01
6.968416682977386367e-01
6.977237182118285475e-01
6.967749586465891154e-01
6.966193027759404188e-01
6.988948433107947666e-01
6.971085069319373773e-01
6.970640338266057556e-01
6.975828867156615987e-01
6.977385425805668895e-01
6.977237182197809640e-01
6.976718329307427524e-01
7.000289074868105699e-01
6.982722198379193168e-01
6.989986138866620680e-01
6.994507571166158622e-01
7.002142120922852930e-01
7.007034162443060987e-01
6.996731226441575968e-01
6.994211083848824728e-01
7.004291654299352743e-01
7.005774091067161757e-01
6.998361906976292568e-01
7.000956171388436067e-01
6.999992587466828953e-01
7.005329360018263118e-01
7.016299392677037838e-01
6.992580403283181756e-01
7.016077027033302826e-01
7.010443767049666652e-01
7.011481472927625358e-01
7.014594590269912500e-01
7.012593300536615892e-01
7.011777960284720779e-01
7.010369645208183176e-01
7.006811796830252348e-01
7.013408640788512116e-01
7.013482762629994482e-01
7.012963909774957427e-01
7.010147279785348129e-01
7.017411220277193218e-01
7.026528206673573473e-01
7.015854661508853507e-01
7.034459243756437941e-01
7.022155018061418952e-01
7.032235588529619497e-01
7.027714156168228810e-01
7.031790857480720858e-01
7.028307130931018554e-01
7.031420248282141960e-01
7.023933942243757445e-01
7.033421537993347350e-01
7.033050928777097033e-01
7.027936521679423176e-01
7.028751861944573243e-01
7.039573650876200794e-01
7.028455374600730554e-01
7.042909133756191098e-01
7.036312289771423645e-01
7.040759600273659435e-01
7.029196593006724614e-01
7.044762179762341647e-01
7.039573650823185424e-01
7.040833722137233019e-01
7.044465692400827539e-01
7.044910423427634960e-01
7.043057377381723994e-01
7.045948129199561816e-01
7.033050928794768453e-01
7.053434435207019959e-01
7.042612646341661620e-01
7.046244616556658347e-01
7.049950708604301175e-01
7.046541103988860355e-01
7.054175653577670069e-01
7.053582678823715479e-01
7.055361603089996825e-01
7.050247196023249341e-01
7.061365472241285524e-01
7.066776366651874586e-01
7.067295219555510544e-01
7.058845329573428806e-01
7.049950708613137440e-01
7.062551421691760645e-01
7.056844039946165159e-01
7.063959736715281768e-01
7.068258803538969293e-01
7.053730922555280225e-01
7.074929769232680687e-01
7.063811493036733502e-01
7.067888194313882710e-01
7.065145686148084359e-01
7.052915582268040051e-01
7.073373210517356346e-01
7.068851778266416197e-01
7.067591706899352122e-01
7.077820521081444882e-01
7.079006470509828786e-01
7.072039017436931863e-01
7.080637150982693750e-01
7.083898512043290685e-01
7.084491486775155167e-01
7.079821810726379949e-01
7.075819231343730698e-01
7.051803754725318729e-01
7.075152134765965162e-01
7.087975213307186051e-01
7.084194999409223481e-01
7.086641020147237402e-01
7.088716431664582318e-01
7.080785394665659593e-01
7.082416075191539928e-01
7.104578505834728830e-01
7.086566898296917660e-01
7.093089620303244525e-01
7.091755427249327726e-01
7.092867254836229263e-01
7.089235284700756701e-01
7.093015498558957743e-01
7.089680015723147655e-01
7.090717721446475608e-01
7.099760586107405347e-01
7.092570767492387684e-01
7.090717721472983293e-01
7.102503094299711384e-01
7.109544669222926938e-01
7.107024526581577906e-01
7.108729328931270297e-01
7.099538220582956027e-01
7.108062232397684976e-01
7.105690333426047944e-01
7.105764455254276468e-01
7.117549828125184774e-01
7.121848894917945927e-01
7.111694202590591596e-01
7.098574636586242326e-01
7.106357430017067323e-01
7.108803450786006506e-01
7.106431551893893639e-01
7.107988110547365235e-01
7.103763165556324921e-01
7.117549828045660609e-01
7.119625239620439583e-01
7.125110255894601119e-01
7.120737067286865285e-01
7.125184377713994488e-01
7.124591402929114636e-01
7.114362588901652629e-01
7.109915278421506946e-01
7.118291046420728296e-01
7.114066101557809940e-01
7.120440579920932489e-01
7.132225952672553992e-01
7.123850184637987581e-01
7.132744805589443793e-01
7.121552407516670291e-01
7.126370327186558606e-01
7.129261079092756859e-01
7.128371616950780476e-01
7.134078998722883647e-01
7.137933334475583536e-01
7.144604300226727878e-01
7.132077708998424415e-01
7.140898208161412519e-01
7.138007456325903277e-01
7.144159569199920456e-01
7.157723866178060668e-01
7.137043872426385160e-01
7.143418350771836289e-01
7.138971040282854341e-01
7.153795408570624570e-01
7.156241429317473646e-01
7.152164728031489283e-01
7.145938493391095214e-01
7.153350677530562196e-01
7.158539206434374469e-01
7.147791539406080918e-01
7.158020353605845099e-01
7.154091895940973833e-01
7.163134760566559622e-01
7.158168597240213149e-01
7.146531468092033323e-01
7.166692609015179460e-01
7.158909815632953366e-01
7.152757702816370244e-01
7.162690029553006044e-01
7.168768020554614484e-01
7.167137340002225354e-01
7.161281714586917868e-01
7.158020353561664884e-01
7.163208882434550784e-01
7.163727735377948269e-01
7.171807016024491777e-01
7.174475402357642917e-01
7.170324579287610245e-01
7.165877268719104132e-01
7.160095765136443857e-01
7.174030671352925603e-01
7.169286873405232852e-01
7.190633963778854110e-01
7.172474112633183685e-01
7.179441565723752028e-01
7.181665220946152894e-01
7.177514397827521320e-01
7.178403859907646067e-01
7.176773179403855840e-01
7.176328448350539624e-01
7.173808305722444434e-01
7.171436406817076614e-01
7.177143788589180895e-01
7.169805726304450122e-01
7.166173756049691868e-01
7.167137340015479197e-01
7.172177625240743204e-01
7.197082564009967820e-01
7.187298480903281384e-01
7.182999414070757593e-01
7.183518266965557286e-01
7.174920133375615183e-01
7.184037119908954772e-01
7.177588519669004796e-01
7.166766730847826672e-01
7.169286873418487804e-01
7.177143788664286372e-01
7.194117690306466306e-01
7.178107372630073701e-01
7.187520846463074653e-01
7.186483140699984062e-01
7.183666510719211029e-01
7.190040989082333578e-01
7.198268513416261616e-01
7.187965577529644712e-01
7.189225648830438464e-01
7.188113821155176497e-01
7.197453173235054402e-01
7.191894035168007182e-01
7.188113821177266605e-01
7.196193101903335387e-01
7.204939479229258703e-01
7.196563711088660442e-01
7.211313957552619724e-01
7.197601416935692775e-01
7.202938189518053314e-01
7.213092881717285687e-01
7.205013601061905915e-01
7.202419336526058036e-01
7.191894035066392910e-01
7.206125428657642606e-01
7.205606575784934131e-01
7.208793814920105847e-01
7.207237256275470516e-01
7.222283990127451592e-01
7.204717113629703906e-01
7.202938189429692883e-01
7.209238546044109963e-01
7.211610444892043725e-01
7.223099330374929128e-01
7.211017470186686928e-01
7.200047437620690216e-01
7.220430943988761507e-01
7.221987502730593533e-01
7.229622052434271362e-01
7.221023918839911682e-01
7.232661047930657450e-01
7.230066783434572208e-01
7.233476388204642671e-01
7.220430944090375780e-01
7.220208578526164933e-01
7.227991371833284440e-01
7.239257891760795260e-01
7.225915960368956004e-01
7.226805422466752171e-01
7.228954955860924514e-01
7.224211158023682300e-01
7.226805422396064271e-01
7.229992661637268947e-01
7.229103199521800249e-01
7.232883413410926554e-01
7.231623342163149282e-01
7.233402266358741617e-01
7.232216316917103871e-01
7.237256602062843713e-01
7.213092881774719745e-01
7.236663627330979232e-01
7.232068073163449018e-01
7.241778034384472873e-01
7.234514093998659634e-01
7.236515383639177124e-01
7.230066783456662316e-01
7.238887282659411948e-01
7.241555668886531238e-01
7.224878254570521463e-01
7.242296887252763771e-01
7.245928857578209925e-01
7.247263050685143204e-01
7.246744197750580874e-01
7.238516673376891308e-01
7.264088708719462772e-01
7.254008138246844650e-01
7.241333303393008292e-01
7.254008138282188600e-01
7.244372298823124057e-01
7.255416453243858088e-01
7.254526991132808078e-01
7.251636239359149361e-01
7.259567276371325928e-01
7.263051002898938124e-01
7.259715520076381878e-01
7.249041974880735539e-01
7.259270788987721712e-01
7.262383906334426431e-01
7.251784483064205311e-01
7.261346200589008371e-01
7.259048423485362500e-01
7.260382616640892461e-01
7.256602402712004629e-01
7.271130283625005797e-01
7.270463187100256741e-01
7.242519252834647148e-01
7.267127704260029075e-01
7.263051002863594174e-01
7.264904048962521621e-01
7.283953362259004694e-01
7.262754515563931701e-01
7.273650426257519674e-01
7.272909207811762977e-01
7.270907918144736692e-01
7.266164120250061531e-01
7.280247270153926697e-01
7.269721968636828624e-01
7.274984619413049636e-01
7.271871502066344917e-01
7.270759674408755480e-01
7.267646557132737550e-01
7.288771281959819381e-01
7.275948203374419387e-01
7.280617879325997910e-01
7.279135442434485626e-01
7.279357808078220637e-01
7.274465766553595003e-01
7.273279817036850670e-01
7.262235662673550696e-01
7.279135442518427368e-01
7.278468345962751940e-01
7.279654295426480903e-01
7.285213433489109436e-01
7.284546336937852695e-01
7.289290134783930064e-01
7.276541178106283869e-01
7.284398093272558272e-01
7.286399382979346084e-01
7.277653005697602984e-01
7.294182176379244709e-01
7.295516369512685673e-01
7.288845403712942428e-01
7.304188624948527719e-01
7.291217302697833302e-01
7.292996226933188275e-01
7.294701029243118029e-01
7.298332999475786176e-01
7.294849272961427822e-01
7.277949493041444562e-01
7.280543757519859493e-01
7.284991067995586489e-01
7.290401962485699716e-01
7.305003965226930518e-01
7.280395513850147493e-01
7.305893427307055266e-01
7.290105475035826288e-01
7.299667192587137032e-01
7.303225040978321703e-01
7.299815436358463305e-01
7.304707477847744990e-01
7.301742604223767641e-01
7.297295293712695585e-01
7.320569551898604699e-01
7.302632066317146231e-01
7.312786758622411565e-01
7.322348476111869564e-01
7.314046829883442680e-01
7.312342027485152496e-01
7.326202811873405718e-01
7.311452565387356328e-01
7.305967549117612370e-01
7.323830912959202744e-01
7.311452565391775016e-01
7.322570841623065041e-01
7.314491560905832523e-01
7.316270485105843546e-01
7.297295293650843950e-01
7.313083245917655351e-01
7.326054568181603610e-01
7.313527976966552879e-01
7.324127400289790479e-01
7.311230199884997116e-01
7.335468042107382569e-01
7.331761949997886996e-01
7.329908903872450754e-01
7.326276933759068299e-01
7.332725533972510590e-01
7.330427756851192189e-01
7.331984315522336315e-01
7.325090984295340446e-01
7.323089694531118576e-01
7.322126110613929040e-01
7.326499299248173669e-01
7.340137718058961092e-01
7.333318508682283854e-01
7.341916642356167699e-01
7.338432915718104965e-01
7.328871198180048063e-01
7.333614995981946327e-01
7.329908903916630969e-01
7.342509616977581643e-01
7.346882805642752645e-01
7.340953058341782578e-01
7.334949189181656504e-01
7.335690407556725301e-01
7.348587607961518664e-01
7.344659150398261671e-01
7.352367821912496604e-01
7.345400368852854633e-01
7.349773557478262997e-01
7.344140297499044401e-01
7.349847679306491521e-01
7.344140297525553196e-01
7.355258573787769594e-01
7.345326246971609629e-01
7.350811263303205223e-01
7.344807394081227514e-01
7.364968535013209916e-01
7.358445812892014937e-01
7.349106460909333727e-01
7.365487387863829394e-01
7.367118068341111936e-01
7.372084231746982574e-01
7.361633052124383347e-01
7.361558930247557031e-01
7.365561509665550233e-01
7.366376849943953031e-01
7.363708463654982106e-01
7.357556350825145142e-01
7.367043946512882302e-01
7.361410686604352716e-01
7.377421004311670583e-01
7.369712332837198288e-01
7.359483518716958272e-01
7.373196059400154434e-01
7.372306597284685736e-01
7.374382008828538337e-01
7.364968534929268174e-01
7.382609533268499336e-01
7.388242793181447610e-01
7.372010109954098001e-01
7.370601794943830720e-01
7.365413265978165702e-01
7.364079072915413748e-01
7.390095839324555271e-01
7.378681075599210493e-01
7.373270181197457696e-01
7.368304017884363954e-01
7.393283078437637990e-01
7.379496415965973721e-01
7.378310466542007395e-01
7.386686234563319964e-01
7.382906020576996964e-01
7.372158353584047363e-01
7.380237634380804046e-01
7.388984011583024092e-01
7.385945016130817109e-01
7.400843506282160922e-01
7.398026876305805466e-01
7.389576986398830316e-01
7.398842216535610472e-01
7.380163512486305200e-01
7.389799351901189528e-01
7.399954044175528489e-01
7.389428742680519413e-01
7.397433901551850877e-01
7.384166091926388509e-01
7.401881212023161405e-01
7.397730388900111143e-01
7.400324653343181014e-01
7.392393616414947299e-01
7.391652397902920280e-01
7.400695262559432441e-01
7.387649818507017185e-01
7.403141283381388105e-01
7.402918917803923415e-01
7.386686234563319964e-01
7.410849954847025245e-01
7.407588593848279945e-01
7.419373966621991556e-01
7.400769384405333495e-01
7.404623720162450962e-01
7.408478055870970636e-01
7.410627589357920986e-01
7.407069740931391255e-01
7.417520920571661902e-01
7.416260849275286837e-01
7.400991749938619080e-01
7.420189306847378985e-01
7.409664005387714969e-01
7.414778412419118503e-01
7.407292106416077937e-01
7.422042352986069069e-01
7.422635327656080806e-01
7.423376546070911131e-01
7.412035904350515736e-01
7.424933104750891522e-01
7.417002067707788582e-01
7.433308872811965617e-01
7.422338840254805170e-01
7.426712028928811327e-01
7.428046222071088556e-01
7.427156760026307758e-01
7.435384284342564376e-01
7.422264718422157959e-01
7.418632748198326077e-01
7.421597621963679225e-01
7.423080058731487130e-01
7.441239909877157555e-01
7.432864141780739509e-01
7.445835464075614141e-01
7.442277615649084410e-01
7.433679482019380780e-01
7.432864141771903244e-01
7.439238620170369742e-01
7.443092955909815789e-01
7.431455826752799698e-01
7.431159339395703167e-01
7.445020123806046497e-01
7.449467434286192180e-01
7.450431018154782814e-01
7.435680771748258699e-01
7.438868010936446895e-01
7.440795178766407281e-01
7.445316611132216655e-01
7.447984997434441423e-01
7.439016254663592953e-01
7.456953740262723951e-01
7.439090376491821477e-01
7.449393312493307606e-01
7.442203493812019621e-01
7.458362055277409919e-01
7.452877038954649480e-01
7.441758762763120982e-01
7.465996604928071267e-01
7.463254096824125661e-01
7.466589579686443434e-01
7.457769080563217967e-01
7.459473882890819141e-01
7.446280195067077612e-01
7.463698827855351770e-01
7.467330798123363866e-01
7.452728795293773745e-01
7.463031731264332391e-01
7.471111011977146221e-01
7.471333377488341698e-01
7.469480331420339514e-01
7.473112301679516456e-01
7.456583131103906581e-01
7.452506429751651895e-01
7.463995315177104350e-01
7.471926352242296288e-01
7.471629864858692072e-01
7.469480331504282367e-01
7.485787136581950607e-01
7.470814524677484858e-01
7.463995315212448300e-01
7.448652094034297066e-01
7.474298251187424524e-01
7.469109722270358409e-01
7.481710435309220086e-01
7.462142269117938431e-01
7.474520616698620001e-01
7.470888646443861747e-01
7.475484200606973273e-01
7.484378821607027277e-01
7.466960188889441019e-01
7.481710435318056351e-01
7.483785846906089168e-01
7.480302120396148391e-01
7.471703986726683233e-01
7.471185133858392335e-01
7.471852230374305126e-01
7.492606346007225637e-01
7.485490649295543086e-01
7.487491938949314418e-01
7.488159035562423904e-01
7.471407499365169125e-01
7.483118750253217044e-01
7.480005632950692540e-01
7.478523196187302213e-01
7.488159035580095324e-01
7.487121329746316833e-01
7.477040759251608604e-01
7.470073306240564426e-01
7.478597317966932945e-01
7.476003053519444386e-01
7.492976955219058377e-01
7.492235736826318160e-01
7.491049787367007884e-01
7.493051077051705589e-01
7.494607635744938712e-01
7.482970506640939101e-01
7.477559612190588512e-01
7.486898964204196094e-01
7.495348854111171244e-01
7.487936670011466900e-01
7.473853520094346781e-01
7.479486780024967585e-01
7.506541252223707383e-01
7.493421686307718543e-01
7.509432004054799048e-01
7.490530934423610399e-01
7.517881893952939043e-01
7.487566060804051737e-01
7.498017240488502599e-01
7.487862548187655953e-01
7.503354012978085130e-01
7.504614084327476675e-01
7.488381401104544643e-01
7.486973086010334510e-01
7.503428134899091662e-01
7.488233157399488693e-01
7.497498387562777644e-01
7.507134226942316912e-01
7.498165484114034385e-01
7.507134226924645493e-01
7.503279891207289554e-01
7.505207059085848842e-01
7.499054946256010767e-01
7.495497097825063459e-01
7.493644051814495333e-01
7.488752010289869698e-01
7.497127778377452589e-01
7.507875445361565925e-01
7.499499677366761041e-01
7.505651790117074951e-01
7.497424265756638118e-01
7.502316307250338490e-01
7.493051077082631961e-01
7.507727201687435237e-01
7.508246054621996457e-01
7.501056235945127160e-01
7.506318886663914114e-01
7.512841608745346456e-01
7.504021109591193506e-01
7.499425555507606145e-01
7.513582827115996565e-01
7.512693365093306985e-01
7.511803903013182238e-01
7.493421686281210858e-01
7.521958595261013514e-01
7.507504836207166132e-01
7.512026268524377715e-01
7.505577668253501367e-01
7.519957305527716906e-01
7.507208348836815759e-01
7.514620532954193743e-01
7.512841608718838771e-01
7.510469709817889639e-01
7.518548990561629841e-01
7.516251213471237813e-01
7.514027558213492997e-01
7.518919599716028523e-01
7.525516443634526764e-01
7.512026268515541449e-01
7.519660818108768741e-01
7.506689495889000696e-01
7.523292788443052270e-01
7.525590565502517926e-01
7.506096521152718637e-01
7.505281180931749896e-01
7.516547700815080502e-01
7.512619243242987244e-01
7.523366910280117059e-01
7.518697234187161627e-01
7.509432004098979263e-01
7.530927338089296041e-01
7.520995011268717390e-01
7.520253792898067280e-01
7.517585406622350197e-01
7.531372069155866100e-01
7.528333073566702005e-01
7.520920889444906443e-01
7.511062684496737640e-01
7.519364330809107377e-01
7.531742678310264782e-01
7.533299236959318801e-01
7.525516443638944342e-01
7.529296657536906912e-01
7.518400746914007948e-01
7.523663397606287218e-01
7.518993721584019685e-01
7.524256372364659384e-01
7.539821959009824770e-01
7.519290208941116216e-01
7.533818089955731656e-01
7.533669846250675706e-01
7.526331783912929563e-01
7.537079450954476956e-01
7.524108128672857276e-01
7.532928627827009116e-01
7.530779094357731296e-01
7.530556728873044614e-01
7.530556728864208349e-01
7.537375938267393272e-01
7.528851926514517068e-01
7.533966333607772237e-01
7.518178381358632256e-01
7.531668556486453836e-01
7.529370779382807966e-01
7.538191278563468600e-01
7.517733650349496255e-01
7.538265400427042184e-01
7.536634719865816789e-01
7.528333073575537160e-01
7.538561887766466185e-01
7.534336942846113772e-01
7.544639878754820783e-01
7.526998880490695099e-01
7.540118446428774046e-01
7.541304395932264537e-01
7.539747837208103931e-01
7.540414933825632104e-01
7.531816800173838367e-01
7.551088478981515806e-01
7.542045614276405852e-01
7.534929917511707931e-01
7.550347260509251424e-01
7.538932496951791240e-01
7.540785543041882422e-01
7.550495504161292004e-01
7.544343391410978095e-01
7.535671135983972313e-01
7.539080740608249398e-01
7.542712710814409860e-01
7.546270559276283540e-01
7.539154862546928459e-01
7.547827117925336449e-01
7.538117156691059861e-01
7.544788122508474526e-01
7.555165180227738642e-01
7.545677584522328951e-01
7.544121025882111198e-01
7.550717869712249009e-01
7.563911557496227900e-01
7.543083320096930500e-01
7.550643747941453432e-01
7.548271849013996615e-01
7.553830987076626258e-01
7.556202886065934710e-01
7.553534499710693462e-01
7.550050773143319738e-01
7.542860954537137230e-01
7.563837435681253218e-01
7.553089768639705825e-01
7.549902529495697845e-01
7.548197727150424141e-01
7.559390125152508633e-01
7.543824538432236659e-01
7.562503242574321050e-01
7.552348550308817243e-01
7.555239302060385853e-01
7.554868692888314641e-01
7.552422672106120505e-01
7.564726897730451594e-01
7.555313423968138542e-01
7.526109418392898931e-01
7.549087189181949986e-01
7.558130053962165418e-01
7.555906398673495339e-01
7.561910267886636783e-01
7.554572205509128002e-01
7.565393994325888549e-01
7.559908978069398433e-01
7.555832276880609655e-01
7.559093637821920897e-01
7.553312134155318880e-01
7.552348550273473293e-01
7.564208044906339801e-01
7.568210624364095640e-01
7.563022095416103152e-01
7.570360157775939403e-01
7.562873851724302154e-01
7.546344681069168114e-01
7.559612490690211795e-01
7.551533210012741915e-01
7.553830987116387785e-01
7.576734636156734481e-01
7.564949263285826175e-01
7.550569626077880958e-01
7.567691771473714635e-01
7.574807468264921351e-01
7.557537079128687774e-01
7.556202885999664387e-01
7.565097506995300813e-01
7.568951842796598495e-01
7.571249619829556465e-01
7.572361447451801952e-01
7.557462957357892197e-01
7.577031123500576060e-01
7.572732056610618212e-01
7.564430410470551758e-01
7.586592841047469227e-01
7.573325031435260701e-01
7.569174208338719234e-01
7.578365316651688444e-01
7.571916716424993421e-01
7.571101376155425777e-01
7.573176787765548701e-01
7.567098796741850153e-01
7.567024674882695257e-01
7.569544817457773966e-01
7.574881590022461975e-01
7.571546107208741994e-01
7.583553845546664451e-01
7.561613780454433664e-01
7.583479723634494185e-01
7.576364026949319319e-01
7.569544817488700339e-01
7.573176787747877281e-01
7.571916716358723098e-01
7.571768472675757256e-01
7.578958291370299083e-01
7.573621518765848437e-01
7.564652775964074705e-01
7.574066249819164653e-01
7.562206755159790461e-01
7.577994707431019439e-01
7.564578654162353866e-01
7.577549976377703222e-01
7.587630546832649925e-01
7.576586392442842266e-01
7.577327610888598963e-01
7.584888038666851573e-01
7.587037572087531601e-01
7.586963450215121751e-01
7.577846463695037116e-01
7.585777500813245533e-01
7.587778790515615768e-01
7.587630546797305975e-01
7.578884169493471656e-01
7.586963450206286597e-01
7.601787818520564510e-01
7.590150689429818742e-01
7.576512270601358789e-01
7.586889328360385543e-01
7.587185815770497443e-01
7.586370475483258380e-01
7.584443307679805679e-01
7.603418499077371218e-01
7.570508401454487668e-01
7.571990838284148317e-01
7.592522588397037087e-01
7.589335349182341206e-01
7.585332769698077682e-01
7.591262517038810387e-01
7.585999866297933325e-01
7.594894487306822484e-01
7.582738505259425388e-01
7.605568032392018285e-01
7.592226100947163658e-01
7.581181946623626322e-01
7.597562873591375832e-01
7.598452335706844529e-01
7.598674701213621319e-01
7.586073988130579426e-01
7.601417209291059240e-01
7.602899646169317682e-01
7.602232549591552146e-01
7.598897066720398108e-01
7.585481013420806162e-01
7.587630546837067502e-01
7.599045310354766158e-01
7.592819075714372090e-01
7.599786528827030541e-01
7.590150689403311057e-01
7.609718855603428977e-01
7.597044020647978346e-01
7.584220942120012410e-01
7.600601869127523447e-01
7.598081726441995309e-01
7.590447176817840536e-01
7.596599289638842345e-01
7.605790397973901662e-01
7.596228680427009605e-01
7.596895777000356453e-01
7.584739794997139573e-01
7.598822944861243212e-01
7.601936062287472096e-01
7.590891907760707324e-01
7.604456204827206856e-01
7.589335349107235729e-01
7.611720145305798102e-01
7.598378213830017103e-01
7.599415919628451643e-01
7.609792977409567394e-01
7.603640864606238114e-01
7.608681149835919699e-01
7.601936062221202883e-01
7.607272834750546942e-01
7.616389821336900789e-01
7.594079147010747155e-01
7.606086885414939935e-01
7.596080436752878917e-01
7.598304091975279784e-01
7.615796846600618730e-01
7.600750112748637655e-01
7.614166166087992238e-01
7.605123301431481186e-01
7.609867099317320083e-01
7.612016632631968260e-01
7.604752692179885809e-01
7.613795556876159498e-01
7.603047889861119790e-01
7.621207741020044057e-01
7.613054338452492908e-01
7.610682439520617404e-01
7.620466522578706048e-01
7.610163586603728714e-01
7.600601869096598184e-01
7.602010184106865465e-01
7.598081726450830464e-01
7.610978926846787562e-01
7.587927034198581611e-01
7.616834552425560956e-01
7.596821655185381772e-01
7.616389821292721685e-01
7.625951538852867584e-01
7.625210320446873524e-01
7.619947669723668993e-01
7.623876127339941355e-01
7.626470391765338697e-01
7.621059497363585900e-01
7.617131039787075064e-01
7.617205161575542061e-01
7.630324727575472643e-01
7.620095913415471101e-01
7.616463943129786474e-01
7.615574481089424363e-01
7.610534195837651561e-01
7.616315699464492051e-01
7.614981506339887352e-01
7.615129750009599352e-01
7.630917702236649225e-01
7.619058207594946452e-01
7.611868388953419995e-01
7.629435265415824841e-01
7.622097203086914963e-01
7.623579639916574502e-01
7.607939931394581690e-01
7.620318278917830312e-01
7.628471681507471569e-01
7.623060787043866027e-01
7.621948959448128225e-01
7.628175194128284931e-01
7.625655051526697426e-01
7.617427527113245223e-01
7.623134908867676973e-01
7.628323437815669461e-01
7.630547093077831855e-01
7.629138778067564575e-01
7.621726593919261328e-01
7.628768168838059305e-01
7.627211610091809701e-01
7.624394980194978411e-01
7.615722724772390206e-01
7.640998272713684925e-01
7.626322148073537699e-01
7.625136198653988950e-01
7.632622504595176771e-01
7.640998272696013505e-01
7.629657630944691737e-01
7.627063366479531759e-01
7.622319568655543387e-01
7.628694046974485721e-01
7.626099782544669692e-01
7.623505518070673448e-01
7.630324727487112213e-01
7.633437844816145512e-01
7.640553541625024758e-01
7.645371461352348241e-01
7.639071104830708059e-01
7.630472971227513224e-01
7.625655051531116113e-01
7.629138778076400840e-01
7.642851318728670629e-01
7.633215479349131360e-01
7.637218058745034455e-01
7.640331176113829281e-01
7.630472971165660478e-01
7.621059497328241950e-01
7.635290890915074069e-01
7.634030819556846259e-01
7.645890314207385297e-01
7.636921571370266504e-01
7.640775907145056500e-01
7.650115259145409130e-01
7.635290890923910334e-01
7.642110100291750197e-01
7.642703075032450943e-01
7.653376620245768702e-01
7.654117838665017715e-01
7.643073684222193576e-01
7.646928019979311042e-01
7.638552251922655634e-01
7.643370171641141742e-01
7.651301208644482044e-01
7.637514546146311201e-01
7.651152965001277728e-01
7.650189381079670614e-01
7.657601565174957381e-01
7.648410456875242014e-01
7.652857767315626170e-01
7.642925440609915633e-01
7.647743360257714951e-01
7.644259633685922539e-01
7.643073684235447418e-01
7.640331176118247969e-01
7.644630242897755279e-01
7.651745939733142210e-01
7.643814902663532695e-01
7.652116548944976060e-01
7.647076263679949415e-01
7.642554831358320255e-01
7.640998272665087132e-01
7.669016328803106575e-01
7.636032109285724179e-01
7.667608013801674449e-01
7.658787514700537979e-01
7.648929309739115334e-01
7.637218058820141042e-01
7.640850029013046552e-01
7.646409167115437722e-01
7.658935758303980768e-01
7.655822640970528781e-01
7.652264792574925423e-01
7.654117838651763872e-01
7.638552251918236946e-01
7.638404008235271103e-01
7.640257054272346915e-01
7.657898052558561597e-01
7.649744649995429135e-01
7.653080132888673281e-01
7.652857767328880012e-01
7.647669238460411689e-01
7.655748519133463992e-01
7.666866795386844124e-01
7.648113969478383956e-01
7.647595116574749108e-01
7.656415615737737212e-01
7.655081422538027036e-01
7.642999562407218894e-01
7.650263502841629926e-01
7.667311526409235078e-01
7.665903211421056795e-01
7.652857767324461324e-01
7.656860346755709479e-01
7.658416905466615132e-01
7.654933178908076563e-01
7.660269951503690944e-01
7.660269951494854679e-01
7.659454611194361773e-01
7.660492317001631468e-01
7.657379199685853122e-01
7.669757547200264369e-01
7.653673107580775126e-01
7.664124287265225988e-01
7.658194539937748235e-01
7.665384358535093368e-01
7.671462349589718288e-01
7.642035978476775515e-01
7.665829089566320587e-01
7.673315395578196307e-01
7.660566438821024837e-01
7.670647009324569332e-01
7.647595116592420528e-01
7.665161993015062736e-01
7.664050165441415041e-01
7.649151675281236074e-01
7.672500055348391301e-01
7.670498765579750744e-01
7.654117838647345184e-01
7.665680845878936056e-01
7.659751098560293459e-01
7.675983781915765025e-01
7.673760126618258681e-01
7.659158123837265242e-01
7.662864215937924550e-01
7.662938337801498134e-01
7.653376620263441232e-01
7.654710813343865716e-01
7.668942206961623098e-01
7.661455900949747377e-01
7.665310236658267051e-01
7.671091740355795441e-01
7.670647009293642959e-01
7.660640560684598421e-01
7.672648298973923087e-01
7.658491027303679921e-01
7.665829089592828272e-01
7.664865505631458520e-01
7.658120418131608709e-01
7.666792673536525493e-01
7.665606724055125110e-01
7.665977333289047957e-01
7.662790094087605919e-01
7.662641850400221388e-01
7.678355680843221842e-01
7.659454611225287035e-01
7.672574177172202248e-01
7.667682135651994191e-01
7.682210016591504154e-01
7.672203567991294770e-01
7.674130735838927686e-01
7.679615752126344175e-01
7.667830379365886406e-01
7.660344073345174420e-01
7.676502634784055923e-01
7.666792673527689228e-01
7.670795252972191225e-01
7.670276400081810220e-01
7.673537761115899469e-01
7.677169731370657724e-01
7.670498765615094694e-01
7.656563859403031636e-01
7.674871954231667903e-01
7.670054034561778478e-01
7.682061772833431723e-01
